 KOMONDOR SIMULATION 'sim_input_nodes_3overlapWLANs_AM_ca1_loadB_100_loadAandC_001.csv' (seed 1991);4;4;64;6400;64032;6398472;1.00;99.98;0.0090;0.9776;0.62;1.14;0.0390;0.9968;0.0000;0.0000;1694.4506;12.5489;0.0000;0.0000;1.01;5.09
 KOMONDOR SIMULATION 'sim_input_nodes_3overlapWLANs_AM_ca1_loadB_100_loadAandC_050.csv' (seed 1991);4;4;3200;6400;3200239;6397751;50.00;99.96;0.6633;0.9769;0.89;1.14;0.9209;0.9967;0.0000;0.0000;18.4991;12.5591;0.0000;0.0000;2.26;5.09
 KOMONDOR SIMULATION 'sim_input_nodes_3overlapWLANs_AM_ca1_loadB_100_loadAandC_1000.csv' (seed 1991);4;4;64000;6400;63997613;6401212;264.95;100.02;1.0000;0.9780;8.34;1.15;1.0000;0.9969;0.0000;0.0000;12.2544;12.5544;73.5038;0.0000;64.00;5.10
 KOMONDOR SIMULATION 'sim_input_nodes_3overlapWLANs_AM_ca1_loadB_100_loadAandC_100.csv' (seed 1991);4;4;6400;6400;6398626;6399990;99.98;100.00;0.9791;0.9782;1.14;1.14;0.9970;0.9969;0.0000;0.0000;12.5545;12.5474;0.0000;0.0000;5.09;5.09
 KOMONDOR SIMULATION 'sim_input_nodes_3overlapWLANs_AM_ca1_loadB_100_loadAandC_150.csv' (seed 1991);4;4;9600;6400;9595055;6399760;149.92;100.00;0.9998;0.9763;1.53;1.15;1.0000;0.9966;0.0000;0.0000;12.2797;12.5528;0.0000;0.0000;10.01;5.09
 KOMONDOR SIMULATION 'sim_input_nodes_3overlapWLANs_AM_ca1_loadB_100_loadAandC_200.csv' (seed 1991);4;4;12800;6400;12799029;6399322;199.98;99.99;1.0000;0.9772;2.29;1.14;1.0000;0.9968;0.0000;0.0000;12.2867;12.5493;0.0000;0.0000;19.51;5.09
 KOMONDOR SIMULATION 'sim_input_nodes_3overlapWLANs_AM_ca1_loadB_100_loadAandC_250.csv' (seed 1991);4;4;16000;6400;16002539;6398618;249.97;99.98;1.0000;0.9783;4.39;1.14;1.0000;0.9969;0.0000;0.0000;12.2847;12.5496;0.0281;0.0000;45.23;5.09
 KOMONDOR SIMULATION 'sim_input_nodes_3overlapWLANs_AM_ca1_loadB_100_loadAandC_300.csv' (seed 1991);4;4;19200;6400;19197306;6400078;264.92;100.00;1.0000;0.9795;7.09;1.14;1.0000;0.9971;0.0000;0.0000;12.2969;12.5499;11.6800;0.0000;64.00;5.09
 KOMONDOR SIMULATION 'sim_input_nodes_3overlapWLANs_AM_ca1_loadB_100_loadAandC_350.csv' (seed 1991);4;4;22400;6400;22400065;6401324;264.94;100.02;1.0000;0.9788;7.39;1.15;1.0000;0.9970;0.0000;0.0000;12.2683;12.5602;24.3023;0.0000;64.00;5.10
 KOMONDOR SIMULATION 'sim_input_nodes_3overlapWLANs_AM_ca1_loadB_100_loadAandC_400.csv' (seed 1991);4;4;25600;6400;25603253;6401993;264.93;100.03;1.0000;0.9773;7.58;1.15;1.0000;0.9968;0.0000;0.0000;12.2776;12.5402;33.7742;0.0000;64.00;5.10
 KOMONDOR SIMULATION 'sim_input_nodes_3overlapWLANs_AM_ca1_loadB_100_loadAandC_450.csv' (seed 1991);4;4;28800;6400;28792974;6402284;264.93;100.04;1.0000;0.9802;7.72;1.15;1.0000;0.9972;0.0000;0.0000;12.2837;12.5500;41.1115;0.0000;64.00;5.10
 KOMONDOR SIMULATION 'sim_input_nodes_3overlapWLANs_AM_ca1_loadB_100_loadAandC_500.csv' (seed 1991);4;4;32000;6400;31999956;6399112;264.93;99.99;1.0000;0.9795;7.83;1.14;1.0000;0.9971;0.0000;0.0000;12.2838;12.5573;47.0132;0.0000;64.00;5.09
 KOMONDOR SIMULATION 'sim_input_nodes_3overlapWLANs_AM_ca1_loadB_100_loadAandC_550.csv' (seed 1991);4;4;35200;6400;35196752;6403554;264.94;100.06;1.0000;0.9779;7.93;1.14;1.0000;0.9969;0.0000;0.0000;12.2736;12.5501;51.8247;0.0000;64.00;5.10
 KOMONDOR SIMULATION 'sim_input_nodes_3overlapWLANs_AM_ca1_loadB_100_loadAandC_600.csv' (seed 1991);4;4;38400;6400;38399686;6400068;264.94;100.00;1.0000;0.9786;8.00;1.15;1.0000;0.9970;0.0000;0.0000;12.2735;12.5591;55.8430;0.0000;64.00;5.10
 KOMONDOR SIMULATION 'sim_input_nodes_3overlapWLANs_AM_ca1_loadB_100_loadAandC_650.csv' (seed 1991);4;4;41600;6400;41603651;6398561;264.93;99.98;1.0000;0.9773;8.07;1.15;1.0000;0.9968;0.0000;0.0000;12.2825;12.5629;59.2445;0.0000;64.00;5.09
 KOMONDOR SIMULATION 'sim_input_nodes_3overlapWLANs_AM_ca1_loadB_100_loadAandC_700.csv' (seed 1991);4;4;44800;6400;44794031;6398430;264.94;99.98;1.0000;0.9756;8.13;1.14;1.0000;0.9965;0.0000;0.0000;12.2725;12.5632;62.1463;0.0000;64.00;5.09
 KOMONDOR SIMULATION 'sim_input_nodes_3overlapWLANs_AM_ca1_loadB_100_loadAandC_750.csv' (seed 1991);4;4;48000;6400;47992962;6398116;264.94;99.97;1.0000;0.9754;8.17;1.14;1.0000;0.9965;0.0000;0.0000;12.2763;12.5617;64.6697;0.0000;64.00;5.09
 KOMONDOR SIMULATION 'sim_input_nodes_3overlapWLANs_AM_ca1_loadB_100_loadAandC_800.csv' (seed 1991);4;4;51200;6400;51191164;6398287;264.94;99.97;1.0000;0.9776;8.21;1.14;1.0000;0.9968;0.0000;0.0000;12.2743;12.5518;66.8768;0.0000;64.00;5.09
 KOMONDOR SIMULATION 'sim_input_nodes_3overlapWLANs_AM_ca1_loadB_100_loadAandC_850.csv' (seed 1991);4;4;54400;6400;54396026;6400357;264.95;100.01;1.0000;0.9779;8.25;1.14;1.0000;0.9969;0.0000;0.0000;12.2619;12.5552;68.8275;0.0000;64.00;5.10
 KOMONDOR SIMULATION 'sim_input_nodes_3overlapWLANs_AM_ca1_loadB_100_loadAandC_900.csv' (seed 1991);4;4;57600;6400;57593588;6400748;264.95;100.01;1.0000;0.9767;8.28;1.15;1.0000;0.9967;0.0000;0.0000;12.2615;12.5535;70.5581;0.0000;64.00;5.10
 KOMONDOR SIMULATION 'sim_input_nodes_3overlapWLANs_AM_ca1_loadB_100_loadAandC_950.csv' (seed 1991);4;4;60800;6400;60792464;6398965;264.94;99.98;1.0000;0.9776;8.31;1.15;1.0000;0.9968;0.0000;0.0000;12.2761;12.5463;72.1083;0.0000;64.00;5.09
 KOMONDOR SIMULATION 'sim_input_nodes_3overlapWLANs_AM_ca1_loadB_250_loadAandC_001.csv' (seed 1991);4;4;64;16000;64099;15995124;1.00;249.86;0.0070;1.0000;0.60;4.35;0.0371;1.0000;0.0000;0.0000;1693.4606;12.2880;0.0000;0.0241;1.01;45.13
 KOMONDOR SIMULATION 'sim_input_nodes_3overlapWLANs_AM_ca1_loadB_250_loadAandC_050.csv' (seed 1991);4;4;3200;16000;3199644;15997967;49.99;249.90;0.6578;1.0000;0.89;4.41;0.9191;1.0000;0.0000;0.0000;18.5251;12.2762;0.0000;0.0255;2.26;45.16
 KOMONDOR SIMULATION 'sim_input_nodes_3overlapWLANs_AM_ca1_loadB_250_loadAandC_1000.csv' (seed 1991);4;4;64000;16000;63982121;16002319;264.93;249.97;1.0000;1.0000;8.34;4.37;1.0000;1.0000;0.0000;0.0000;12.2864;12.2950;73.4994;0.0255;64.00;45.24
 KOMONDOR SIMULATION 'sim_input_nodes_3overlapWLANs_AM_ca1_loadB_250_loadAandC_100.csv' (seed 1991);4;4;6400;16000;6399337;16004968;99.99;250.01;0.9785;1.0000;1.14;4.43;0.9969;1.0000;0.0000;0.0000;12.5565;12.2609;0.0000;0.0258;5.09;45.26
 KOMONDOR SIMULATION 'sim_input_nodes_3overlapWLANs_AM_ca1_loadB_250_loadAandC_150.csv' (seed 1991);4;4;9600;16000;9599582;16001516;149.99;249.96;0.9999;1.0000;1.53;4.36;1.0000;1.0000;0.0000;0.0000;12.2860;12.2844;0.0000;0.0260;10.02;45.22
 KOMONDOR SIMULATION 'sim_input_nodes_3overlapWLANs_AM_ca1_loadB_250_loadAandC_200.csv' (seed 1991);4;4;12800;16000;12801726;16000382;200.03;249.94;1.0000;1.0000;2.31;4.38;1.0000;1.0000;0.0000;0.0000;12.2847;12.2720;0.0000;0.0242;19.52;45.20
 KOMONDOR SIMULATION 'sim_input_nodes_3overlapWLANs_AM_ca1_loadB_250_loadAandC_250.csv' (seed 1991);4;4;16000;16000;15991556;15999665;249.80;249.93;1.0000;1.0000;4.33;4.29;1.0000;1.0000;0.0000;0.0000;12.2921;12.2793;0.0263;0.0236;45.08;45.20
 KOMONDOR SIMULATION 'sim_input_nodes_3overlapWLANs_AM_ca1_loadB_250_loadAandC_300.csv' (seed 1991);4;4;19200;16000;19195758;16005396;264.94;250.02;1.0000;1.0000;7.11;4.37;1.0000;1.0000;0.0000;0.0000;12.2725;12.2747;11.6678;0.0243;64.00;45.28
 KOMONDOR SIMULATION 'sim_input_nodes_3overlapWLANs_AM_ca1_loadB_250_loadAandC_350.csv' (seed 1991);4;4;22400;16000;22389026;16007462;264.93;250.05;1.0000;1.0000;7.39;4.37;1.0000;1.0000;0.0000;0.0000;12.2803;12.2843;24.2671;0.0253;64.00;45.31
 KOMONDOR SIMULATION 'sim_input_nodes_3overlapWLANs_AM_ca1_loadB_250_loadAandC_400.csv' (seed 1991);4;4;25600;16000;25594155;15998670;264.94;249.92;1.0000;1.0000;7.58;4.35;1.0000;1.0000;0.0000;0.0000;12.2627;12.2900;33.7482;0.0222;64.00;45.19
 KOMONDOR SIMULATION 'sim_input_nodes_3overlapWLANs_AM_ca1_loadB_250_loadAandC_450.csv' (seed 1991);4;4;28800;16000;28810121;15993046;264.94;249.83;1.0000;1.0000;7.72;4.31;1.0000;1.0000;0.0000;0.0000;12.2761;12.2840;41.1455;0.0244;64.00;45.10
 KOMONDOR SIMULATION 'sim_input_nodes_3overlapWLANs_AM_ca1_loadB_250_loadAandC_500.csv' (seed 1991);4;4;32000;16000;31999985;15996539;264.94;249.89;1.0000;1.0000;7.83;4.35;1.0000;1.0000;0.0000;0.0000;12.2629;12.2840;47.0107;0.0227;64.00;45.15
 KOMONDOR SIMULATION 'sim_input_nodes_3overlapWLANs_AM_ca1_loadB_250_loadAandC_550.csv' (seed 1991);4;4;35200;16000;35192918;15996286;264.94;249.88;1.0000;1.0000;7.93;4.32;1.0000;1.0000;0.0000;0.0000;12.2753;12.2709;51.8196;0.0227;64.00;45.14
 KOMONDOR SIMULATION 'sim_input_nodes_3overlapWLANs_AM_ca1_loadB_250_loadAandC_600.csv' (seed 1991);4;4;38400;16000;38400392;15993970;264.93;249.85;1.0000;1.0000;8.00;4.33;1.0000;1.0000;0.0000;0.0000;12.2825;12.2814;55.8448;0.0228;64.00;45.11
 KOMONDOR SIMULATION 'sim_input_nodes_3overlapWLANs_AM_ca1_loadB_250_loadAandC_650.csv' (seed 1991);4;4;41600;16000;41595010;15998412;264.94;249.92;1.0000;1.0000;8.06;4.34;1.0000;1.0000;0.0000;0.0000;12.2772;12.2943;59.2354;0.0227;64.00;45.19
 KOMONDOR SIMULATION 'sim_input_nodes_3overlapWLANs_AM_ca1_loadB_250_loadAandC_700.csv' (seed 1991);4;4;44800;16000;44798263;15999126;264.93;249.93;1.0000;1.0000;8.12;4.35;1.0000;1.0000;0.0000;0.0000;12.2793;12.2882;62.1505;0.0220;64.00;45.20
 KOMONDOR SIMULATION 'sim_input_nodes_3overlapWLANs_AM_ca1_loadB_250_loadAandC_750.csv' (seed 1991);4;4;48000;16000;47997957;15998709;264.93;249.92;1.0000;1.0000;8.17;4.35;1.0000;1.0000;0.0000;0.0000;12.2879;12.2628;64.6744;0.0249;64.00;45.17
 KOMONDOR SIMULATION 'sim_input_nodes_3overlapWLANs_AM_ca1_loadB_250_loadAandC_800.csv' (seed 1991);4;4;51200;16000;51193463;15996869;264.94;249.89;1.0000;1.0000;8.21;4.34;1.0000;1.0000;0.0000;0.0000;12.2619;12.2827;66.8774;0.0225;64.00;45.16
 KOMONDOR SIMULATION 'sim_input_nodes_3overlapWLANs_AM_ca1_loadB_250_loadAandC_850.csv' (seed 1991);4;4;54400;16000;54402694;15997786;264.93;249.89;1.0000;1.0000;8.25;4.34;1.0000;1.0000;0.0000;0.0000;12.2801;12.2735;68.8326;0.0278;64.00;45.15
 KOMONDOR SIMULATION 'sim_input_nodes_3overlapWLANs_AM_ca1_loadB_250_loadAandC_900.csv' (seed 1991);4;4;57600;16000;57602516;15995618;264.94;249.87;1.0000;1.0000;8.28;4.38;1.0000;1.0000;0.0000;0.0000;12.2702;12.2645;70.5633;0.0258;64.00;45.12
 KOMONDOR SIMULATION 'sim_input_nodes_3overlapWLANs_AM_ca1_loadB_250_loadAandC_950.csv' (seed 1991);4;4;60800;16000;60803808;15995528;264.94;249.87;1.0000;1.0000;8.31;4.32;1.0000;1.0000;0.0000;0.0000;12.2738;12.2676;72.1133;0.0248;64.00;45.12
 KOMONDOR SIMULATION 'sim_input_nodes_3overlapWLANs_AM_ca1_loadB_400_loadAandC_001.csv' (seed 1991);4;4;64;25600;64125;25596453;1.00;264.93;0.0083;1.0000;0.61;7.58;0.0390;1.0000;0.0000;0.0000;1692.0589;12.2788;0.0000;33.7568;1.01;64.00
 KOMONDOR SIMULATION 'sim_input_nodes_3overlapWLANs_AM_ca1_loadB_400_loadAandC_050.csv' (seed 1991);4;4;3200;25600;3201413;25596717;50.02;264.94;0.6591;1.0000;0.89;7.58;0.9191;1.0000;0.0000;0.0000;18.5338;12.2729;0.0000;33.7565;2.27;64.00
 KOMONDOR SIMULATION 'sim_input_nodes_3overlapWLANs_AM_ca1_loadB_400_loadAandC_1000.csv' (seed 1991);4;4;64000;25600;63996969;25589650;264.93;264.93;1.0000;1.0000;8.34;7.58;1.0000;1.0000;0.0000;0.0000;12.2814;12.2851;73.5052;33.7402;64.00;64.00
 KOMONDOR SIMULATION 'sim_input_nodes_3overlapWLANs_AM_ca1_loadB_400_loadAandC_100.csv' (seed 1991);4;4;6400;25600;6400454;25596794;100.01;264.93;0.9784;1.0000;1.15;7.58;0.9969;1.0000;0.0000;0.0000;12.5535;12.2796;0.0000;33.7578;5.10;64.00
 KOMONDOR SIMULATION 'sim_input_nodes_3overlapWLANs_AM_ca1_loadB_400_loadAandC_150.csv' (seed 1991);4;4;9600;25600;9598655;25603275;149.98;264.94;0.9992;1.0000;1.53;7.57;0.9999;1.0000;0.0000;0.0000;12.2867;12.2739;0.0000;33.7737;10.01;64.00
 KOMONDOR SIMULATION 'sim_input_nodes_3overlapWLANs_AM_ca1_loadB_400_loadAandC_200.csv' (seed 1991);4;4;12800;25600;12795925;25599251;199.94;264.93;1.0000;1.0000;2.29;7.58;1.0000;1.0000;0.0000;0.0000;12.2819;12.2808;0.0000;33.7642;19.50;64.00
 KOMONDOR SIMULATION 'sim_input_nodes_3overlapWLANs_AM_ca1_loadB_400_loadAandC_250.csv' (seed 1991);4;4;16000;25600;16001563;25599738;249.97;264.94;1.0000;1.0000;4.37;7.58;1.0000;1.0000;0.0000;0.0000;12.2744;12.2744;0.0232;33.7645;45.22;64.00
 KOMONDOR SIMULATION 'sim_input_nodes_3overlapWLANs_AM_ca1_loadB_400_loadAandC_300.csv' (seed 1991);4;4;19200;25600;19195164;25604266;264.93;264.94;1.0000;1.0000;7.10;7.58;1.0000;1.0000;0.0000;0.0000;12.2825;12.2698;11.6673;33.7755;64.00;64.00
 KOMONDOR SIMULATION 'sim_input_nodes_3overlapWLANs_AM_ca1_loadB_400_loadAandC_350.csv' (seed 1991);4;4;22400;25600;22398424;25605818;264.94;264.92;1.0000;1.0000;7.40;7.58;1.0000;1.0000;0.0000;0.0000;12.2769;12.2993;24.2983;33.7842;64.00;64.00
 KOMONDOR SIMULATION 'sim_input_nodes_3overlapWLANs_AM_ca1_loadB_400_loadAandC_400.csv' (seed 1991);4;4;25600;25600;25605799;25591949;264.95;264.93;1.0000;1.0000;7.57;7.58;1.0000;1.0000;0.0000;0.0000;12.2563;12.2817;33.7774;33.7456;64.00;64.00
 KOMONDOR SIMULATION 'sim_input_nodes_3overlapWLANs_AM_ca1_loadB_400_loadAandC_450.csv' (seed 1991);4;4;28800;25600;28794855;25599163;264.94;264.92;1.0000;1.0000;7.72;7.58;1.0000;1.0000;0.0000;0.0000;12.2757;12.2929;41.1143;33.7660;64.00;64.00
 KOMONDOR SIMULATION 'sim_input_nodes_3overlapWLANs_AM_ca1_loadB_400_loadAandC_500.csv' (seed 1991);4;4;32000;25600;31992158;25603043;264.94;264.93;1.0000;1.0000;7.83;7.58;1.0000;1.0000;0.0000;0.0000;12.2721;12.2818;46.9989;33.7743;64.00;64.00
 KOMONDOR SIMULATION 'sim_input_nodes_3overlapWLANs_AM_ca1_loadB_400_loadAandC_550.csv' (seed 1991);4;4;35200;25600;35194596;25604795;264.93;264.93;1.0000;1.0000;7.92;7.58;1.0000;1.0000;0.0000;0.0000;12.2881;12.2804;51.8234;33.7786;64.00;64.00
 KOMONDOR SIMULATION 'sim_input_nodes_3overlapWLANs_AM_ca1_loadB_400_loadAandC_600.csv' (seed 1991);4;4;38400;25600;38390470;25602928;264.93;264.94;1.0000;1.0000;8.00;7.58;1.0000;1.0000;0.0000;0.0000;12.2797;12.2697;55.8331;33.7720;64.00;64.00
 KOMONDOR SIMULATION 'sim_input_nodes_3overlapWLANs_AM_ca1_loadB_400_loadAandC_650.csv' (seed 1991);4;4;41600;25600;41595028;25603967;264.93;264.93;1.0000;1.0000;8.07;7.58;1.0000;1.0000;0.0000;0.0000;12.2859;12.2817;59.2364;33.7767;64.00;64.00
 KOMONDOR SIMULATION 'sim_input_nodes_3overlapWLANs_AM_ca1_loadB_400_loadAandC_700.csv' (seed 1991);4;4;44800;25600;44803958;25586864;264.94;264.95;1.0000;1.0000;8.12;7.57;1.0000;1.0000;0.0000;0.0000;12.2715;12.2597;62.1546;33.7289;64.00;64.00
 KOMONDOR SIMULATION 'sim_input_nodes_3overlapWLANs_AM_ca1_loadB_400_loadAandC_750.csv' (seed 1991);4;4;48000;25600;47993539;25599342;264.93;264.93;1.0000;1.0000;8.17;7.57;1.0000;1.0000;0.0000;0.0000;12.2892;12.2915;64.6713;33.7662;64.00;64.00
 KOMONDOR SIMULATION 'sim_input_nodes_3overlapWLANs_AM_ca1_loadB_400_loadAandC_800.csv' (seed 1991);4;4;51200;25600;51200174;25597005;264.92;264.95;1.0000;1.0000;8.21;7.58;1.0000;1.0000;0.0000;0.0000;12.2937;12.2606;66.8843;33.7553;64.00;64.00
 KOMONDOR SIMULATION 'sim_input_nodes_3overlapWLANs_AM_ca1_loadB_400_loadAandC_850.csv' (seed 1991);4;4;54400;25600;54396206;25601981;264.92;264.93;1.0000;1.0000;8.25;7.57;1.0000;1.0000;0.0000;0.0000;12.2964;12.2851;68.8301;33.7720;64.00;64.00
 KOMONDOR SIMULATION 'sim_input_nodes_3overlapWLANs_AM_ca1_loadB_400_loadAandC_900.csv' (seed 1991);4;4;57600;25600;57602352;25597109;264.94;264.93;1.0000;1.0000;8.28;7.58;1.0000;1.0000;0.0000;0.0000;12.2689;12.2830;70.5631;33.7591;64.00;64.00
 KOMONDOR SIMULATION 'sim_input_nodes_3overlapWLANs_AM_ca1_loadB_400_loadAandC_950.csv' (seed 1991);4;4;60800;25600;60796267;25599210;264.93;264.93;1.0000;1.0000;8.31;7.58;1.0000;1.0000;0.0000;0.0000;12.2795;12.2859;72.1103;33.7650;64.00;64.00
 KOMONDOR SIMULATION 'sim_input_nodes_3overlapWLANs_AM_ca2_loadB_100_loadAandC_001.csv' (seed 1991);4;4;64;6400;64032;6398472;1.00;99.98;0.0173;0.9584;0.78;0.92;0.0481;0.9922;0.0000;0.0000;1722.7576;17.0531;0.0000;0.0000;1.02;4.39
 KOMONDOR SIMULATION 'sim_input_nodes_3overlapWLANs_AM_ca2_loadB_100_loadAandC_050.csv' (seed 1991);4;4;3200;6400;3200239;6397751;50.00;99.94;0.7487;0.9966;1.10;3.79;0.9306;0.9993;0.0000;0.0000;46.8769;232.0009;0.0000;0.0279;2.94;19.02
 KOMONDOR SIMULATION 'sim_input_nodes_3overlapWLANs_AM_ca2_loadB_100_loadAandC_1000.csv' (seed 1991);4;4;64000;6400;63994580;6404051;472.36;9.80;1.0000;1.0000;4.45;232.49;1.0000;1.0000;0.0000;0.0000;16.5582;9290.3817;52.7597;90.2075;64.00;53.50
 KOMONDOR SIMULATION 'sim_input_nodes_3overlapWLANs_AM_ca2_loadB_100_loadAandC_100.csv' (seed 1991);4;4;6400;6400;6398626;6399990;99.98;91.62;0.9638;0.9993;1.27;11.94;0.9939;0.9999;0.0000;0.0000;31.2641;646.1922;0.0000;8.3798;5.36;42.63
 KOMONDOR SIMULATION 'sim_input_nodes_3overlapWLANs_AM_ca2_loadB_100_loadAandC_150.csv' (seed 1991);4;4;9600;6400;9595055;6399760;149.92;84.04;0.9974;0.9998;1.42;15.84;0.9996;0.9999;0.0000;0.0000;29.7268;857.7090;0.0000;15.9579;8.67;50.34
 KOMONDOR SIMULATION 'sim_input_nodes_3overlapWLANs_AM_ca2_loadB_100_loadAandC_200.csv' (seed 1991);4;4;12800;6400;12799029;6399322;199.98;76.99;0.9999;0.9998;1.58;20.32;1.0000;1.0000;0.0000;0.0000;29.4983;1038.2076;0.0000;23.0004;12.81;54.63
 KOMONDOR SIMULATION 'sim_input_nodes_3overlapWLANs_AM_ca2_loadB_100_loadAandC_250.csv' (seed 1991);4;4;16000;6400;16002539;6398618;250.03;67.83;1.0000;0.9998;1.80;25.44;1.0000;1.0000;0.0000;0.0000;28.9564;1254.8151;0.0046;32.1556;17.90;56.82
 KOMONDOR SIMULATION 'sim_input_nodes_3overlapWLANs_AM_ca2_loadB_100_loadAandC_300.csv' (seed 1991);4;4;19200;6400;19197306;6400078;299.53;57.48;1.0000;1.0000;2.05;32.06;1.0000;1.0000;0.0000;0.0000;28.0465;1525.8473;0.1417;42.5206;24.18;57.15
 KOMONDOR SIMULATION 'sim_input_nodes_3overlapWLANs_AM_ca2_loadB_100_loadAandC_350.csv' (seed 1991);4;4;22400;6400;22400065;6401324;346.30;51.30;1.0000;0.9998;2.44;35.46;1.0000;1.0000;0.0000;0.0000;28.5248;1682.6486;1.0575;48.7075;32.48;55.51
 KOMONDOR SIMULATION 'sim_input_nodes_3overlapWLANs_AM_ca2_loadB_100_loadAandC_400.csv' (seed 1991);4;4;25600;6400;25603253;6401993;388.30;45.54;1.0000;1.0000;2.83;40.35;1.0000;1.0000;0.0000;0.0000;29.1032;1870.2452;2.9357;54.4676;42.68;54.11
 KOMONDOR SIMULATION 'sim_input_nodes_3overlapWLANs_AM_ca2_loadB_100_loadAandC_450.csv' (seed 1991);4;4;28800;6400;28792974;6402284;427.87;37.17;1.0000;0.9995;3.21;54.79;1.0000;1.0000;0.0000;0.0000;28.0778;2312.2592;4.8948;62.8454;54.84;53.59
 KOMONDOR SIMULATION 'sim_input_nodes_3overlapWLANs_AM_ca2_loadB_100_loadAandC_500.csv' (seed 1991);4;4;32000;6400;31999956;6399112;466.86;14.81;1.0000;1.0000;3.76;178.92;1.0000;1.0000;0.0000;0.0000;18.9108;6050.0271;6.6277;85.1831;63.63;53.29
 KOMONDOR SIMULATION 'sim_input_nodes_3overlapWLANs_AM_ca2_loadB_100_loadAandC_550.csv' (seed 1991);4;4;35200;6400;35196752;6403554;472.10;10.03;1.0000;1.0000;3.99;356.87;1.0000;1.0000;0.0000;0.0000;16.6863;9049.6277;14.1553;89.9731;64.00;53.40
 KOMONDOR SIMULATION 'sim_input_nodes_3overlapWLANs_AM_ca2_loadB_100_loadAandC_600.csv' (seed 1991);4;4;38400;6400;38399686;6400068;472.28;9.86;1.0000;1.0000;4.10;253.90;1.0000;1.0000;0.0000;0.0000;16.5989;9197.1283;21.2860;90.1426;64.00;53.30
 KOMONDOR SIMULATION 'sim_input_nodes_3overlapWLANs_AM_ca2_loadB_100_loadAandC_650.csv' (seed 1991);4;4;41600;6400;41603651;6398561;472.55;9.51;1.0000;1.0000;4.20;181.89;1.0000;1.0000;0.0000;0.0000;16.4641;9505.1927;27.3062;90.4889;64.00;53.12
 KOMONDOR SIMULATION 'sim_input_nodes_3overlapWLANs_AM_ca2_loadB_100_loadAandC_700.csv' (seed 1991);4;4;44800;6400;44794031;6398430;472.57;9.48;1.0000;0.9992;4.27;172.99;1.0000;1.0000;0.0000;0.0000;16.4564;9565.7736;32.4815;90.5137;64.00;53.29
 KOMONDOR SIMULATION 'sim_input_nodes_3overlapWLANs_AM_ca2_loadB_100_loadAandC_750.csv' (seed 1991);4;4;48000;6400;47992962;6398116;472.37;9.72;1.0000;1.0000;4.28;252.95;1.0000;1.0000;0.0000;0.0000;16.5531;9235.4055;37.0078;90.2771;64.00;52.75
 KOMONDOR SIMULATION 'sim_input_nodes_3overlapWLANs_AM_ca2_loadB_100_loadAandC_800.csv' (seed 1991);4;4;51200;6400;51191164;6398287;472.76;9.29;1.0000;1.0000;4.31;263.48;1.0000;1.0000;0.0000;0.0000;16.3598;9772.3129;40.8946;90.7030;64.00;53.35
 KOMONDOR SIMULATION 'sim_input_nodes_3overlapWLANs_AM_ca2_loadB_100_loadAandC_850.csv' (seed 1991);4;4;54400;6400;54409808;6400357;472.47;9.65;1.0000;0.9987;4.38;194.10;1.0000;1.0000;0.0000;0.0000;16.5056;9429.7359;44.4256;90.3513;64.00;53.49
 KOMONDOR SIMULATION 'sim_input_nodes_3overlapWLANs_AM_ca2_loadB_100_loadAandC_900.csv' (seed 1991);4;4;57600;6400;57593588;6400748;472.68;9.40;1.0000;1.0000;4.39;261.26;1.0000;1.0000;0.0000;0.0000;16.3978;9644.3473;47.4737;90.6001;64.00;53.26
 KOMONDOR SIMULATION 'sim_input_nodes_3overlapWLANs_AM_ca2_loadB_100_loadAandC_950.csv' (seed 1991);4;4;60800;6400;60798719;6398965;471.89;10.18;1.0000;0.9980;4.41;258.14;1.0000;1.0000;0.0000;0.0000;16.7911;8859.6771;50.3258;89.8129;64.00;53.09
 KOMONDOR SIMULATION 'sim_input_nodes_3overlapWLANs_AM_ca2_loadB_250_loadAandC_001.csv' (seed 1991);4;4;64;16000;64099;15995124;1.00;249.92;0.0229;1.0000;0.93;1.34;0.0566;1.0000;0.0000;0.0000;1737.8695;18.0412;0.0000;0.0000;1.03;15.33
 KOMONDOR SIMULATION 'sim_input_nodes_3overlapWLANs_AM_ca2_loadB_250_loadAandC_050.csv' (seed 1991);4;4;3200;16000;3199644;15997967;49.99;216.69;0.7544;1.0000;1.59;6.87;0.9480;1.0000;0.0000;0.0000;73.4896;256.7497;0.0000;13.3111;3.77;57.02
 KOMONDOR SIMULATION 'sim_input_nodes_3overlapWLANs_AM_ca2_loadB_250_loadAandC_1000.csv' (seed 1991);4;4;64000;16000;63985916;16002319;466.83;16.75;1.0000;1.0000;4.52;123.76;1.0000;1.0000;0.0000;0.0000;19.3429;6303.7594;53.3061;93.2997;64.00;62.92
 KOMONDOR SIMULATION 'sim_input_nodes_3overlapWLANs_AM_ca2_loadB_250_loadAandC_100.csv' (seed 1991);4;4;6400;16000;6399337;16004968;99.99;123.62;0.9635;1.0000;1.47;15.87;0.9944;1.0000;0.0000;0.0000;36.9256;664.0821;0.0000;50.5659;5.75;62.59
 KOMONDOR SIMULATION 'sim_input_nodes_3overlapWLANs_AM_ca2_loadB_250_loadAandC_150.csv' (seed 1991);4;4;9600;16000;9599582;16001516;149.99;101.64;0.9978;1.0000;1.55;20.36;0.9997;1.0000;0.0000;0.0000;33.0368;861.2654;0.0000;59.3465;9.05;63.08
 KOMONDOR SIMULATION 'sim_input_nodes_3overlapWLANs_AM_ca2_loadB_250_loadAandC_200.csv' (seed 1991);4;4;12800;16000;12801726;16000382;200.03;87.59;1.0000;1.0000;1.73;23.93;1.0000;1.0000;0.0000;0.0000;31.6873;1035.5799;0.0005;64.9625;13.18;63.17
 KOMONDOR SIMULATION 'sim_input_nodes_3overlapWLANs_AM_ca2_loadB_250_loadAandC_250.csv' (seed 1991);4;4;16000;16000;15991556;15999665;249.68;75.47;1.0000;1.0000;1.92;28.12;1.0000;1.0000;0.0000;0.0000;30.6757;1234.3195;0.0759;69.8087;18.26;63.06
 KOMONDOR SIMULATION 'sim_input_nodes_3overlapWLANs_AM_ca2_loadB_250_loadAandC_300.csv' (seed 1991);4;4;19200;16000;19195758;16005396;298.20;64.49;1.0000;1.0000;2.14;35.15;1.0000;1.0000;0.0000;0.0000;29.7983;1482.1210;0.5794;74.2123;24.54;63.09
 KOMONDOR SIMULATION 'sim_input_nodes_3overlapWLANs_AM_ca2_loadB_250_loadAandC_350.csv' (seed 1991);4;4;22400;16000;22389026;16007462;342.47;61.32;1.0000;1.0000;2.55;36.39;1.0000;1.0000;0.0000;0.0000;31.4658;1568.7915;2.1022;75.4842;32.95;63.04
 KOMONDOR SIMULATION 'sim_input_nodes_3overlapWLANs_AM_ca2_loadB_250_loadAandC_400.csv' (seed 1991);4;4;25600;16000;25594155;15998670;382.36;56.15;1.0000;1.0000;2.99;37.89;1.0000;1.0000;0.0000;0.0000;32.5632;1731.8388;4.3885;77.5368;42.95;63.00
 KOMONDOR SIMULATION 'sim_input_nodes_3overlapWLANs_AM_ca2_loadB_250_loadAandC_450.csv' (seed 1991);4;4;28800;16000;28810121;15993046;420.09;49.20;1.0000;1.0000;3.46;43.44;1.0000;1.0000;0.0000;0.0000;32.7729;2004.4640;6.6793;80.3109;55.23;62.92
 KOMONDOR SIMULATION 'sim_input_nodes_3overlapWLANs_AM_ca2_loadB_250_loadAandC_500.csv' (seed 1991);4;4;32000;16000;31999985;15996539;459.75;23.89;1.0000;1.0000;3.86;99.69;1.0000;1.0000;0.0000;0.0000;22.6009;4356.1689;8.0489;90.4414;63.65;62.93
 KOMONDOR SIMULATION 'sim_input_nodes_3overlapWLANs_AM_ca2_loadB_250_loadAandC_550.csv' (seed 1991);4;4;35200;16000;35192918;15996286;466.64;16.97;1.0000;1.0000;4.08;129.76;1.0000;1.0000;0.0000;0.0000;19.4423;6230.3930;15.1396;93.2112;64.00;63.00
 KOMONDOR SIMULATION 'sim_input_nodes_3overlapWLANs_AM_ca2_loadB_250_loadAandC_600.csv' (seed 1991);4;4;38400;16000;38401674;15995376;465.84;17.78;1.0000;1.0000;4.21;114.52;1.0000;1.0000;0.0000;0.0000;19.8492;5932.9057;22.3627;92.8830;64.00;62.99
 KOMONDOR SIMULATION 'sim_input_nodes_3overlapWLANs_AM_ca2_loadB_250_loadAandC_650.csv' (seed 1991);4;4;41600;16000;41595010;15998412;466.37;17.15;1.0000;1.0000;4.25;134.59;1.0000;1.0000;0.0000;0.0000;19.5775;6164.4408;28.2413;93.1398;64.00;63.02
 KOMONDOR SIMULATION 'sim_input_nodes_3overlapWLANs_AM_ca2_loadB_250_loadAandC_700.csv' (seed 1991);4;4;44800;16000;44798263;15999126;466.62;16.93;1.0000;1.0000;4.31;124.68;1.0000;1.0000;0.0000;0.0000;19.4526;6242.0917;33.3373;93.2268;64.00;62.98
 KOMONDOR SIMULATION 'sim_input_nodes_3overlapWLANs_AM_ca2_loadB_250_loadAandC_750.csv' (seed 1991);4;4;48000;16000;47999713;15998709;466.94;16.56;1.0000;1.0000;4.36;122.83;1.0000;1.0000;0.0000;0.0000;19.2894;6379.9005;37.7409;93.3745;64.00;62.95
 KOMONDOR SIMULATION 'sim_input_nodes_3overlapWLANs_AM_ca2_loadB_250_loadAandC_800.csv' (seed 1991);4;4;51200;16000;51193463;15996869;466.62;16.89;1.0000;1.0000;4.40;125.71;1.0000;1.0000;0.0000;0.0000;19.4504;6245.1709;41.6644;93.2401;64.00;62.93
 KOMONDOR SIMULATION 'sim_input_nodes_3overlapWLANs_AM_ca2_loadB_250_loadAandC_850.csv' (seed 1991);4;4;54400;16000;54390384;15996455;466.14;17.45;1.0000;1.0000;4.41;151.41;1.0000;1.0000;0.0000;0.0000;19.6980;6049.2389;45.1503;93.0180;64.00;63.02
 KOMONDOR SIMULATION 'sim_input_nodes_3overlapWLANs_AM_ca2_loadB_250_loadAandC_900.csv' (seed 1991);4;4;57600;16000;57596270;15995618;466.60;16.84;1.0000;1.0000;4.49;118.70;1.0000;1.0000;0.0000;0.0000;19.4632;6268.4163;48.1522;93.2593;64.00;62.92
 KOMONDOR SIMULATION 'sim_input_nodes_3overlapWLANs_AM_ca2_loadB_250_loadAandC_950.csv' (seed 1991);4;4;60800;16000;60803808;15995528;466.68;16.76;1.0000;1.0000;4.51;116.27;1.0000;1.0000;0.0000;0.0000;19.4237;6313.1333;50.8791;93.2941;64.00;63.05
 KOMONDOR SIMULATION 'sim_input_nodes_3overlapWLANs_AM_ca2_loadB_400_loadAandC_001.csv' (seed 1991);4;4;64;25600;64125;25596453;1.00;399.93;0.0353;1.0000;1.27;2.36;0.0791;1.0000;0.0000;0.0000;1775.8943;21.7060;0.0000;0.0042;1.05;41.63
 KOMONDOR SIMULATION 'sim_input_nodes_3overlapWLANs_AM_ca2_loadB_400_loadAandC_050.csv' (seed 1991);4;4;3200;25600;3201413;25596717;50.02;232.08;0.7569;1.0000;1.70;8.65;0.9496;1.0000;0.0000;0.0000;78.3552;259.6691;0.0000;41.9726;3.93;63.91
 KOMONDOR SIMULATION 'sim_input_nodes_3overlapWLANs_AM_ca2_loadB_400_loadAandC_1000.csv' (seed 1991);4;4;64000;25600;63996969;25589650;464.68;19.36;1.0000;1.0000;4.61;83.75;1.0000;1.0000;0.0000;0.0000;20.4446;5511.1075;53.5293;95.1570;64.00;63.96
 KOMONDOR SIMULATION 'sim_input_nodes_3overlapWLANs_AM_ca2_loadB_400_loadAandC_100.csv' (seed 1991);4;4;6400;25600;6400454;25596794;100.01;126.18;0.9638;1.0000;1.49;17.04;0.9943;1.0000;0.0000;0.0000;37.4882;661.1615;0.0000;68.4511;5.79;63.93
 KOMONDOR SIMULATION 'sim_input_nodes_3overlapWLANs_AM_ca2_loadB_400_loadAandC_150.csv' (seed 1991);4;4;9600;25600;9598655;25603275;149.98;102.90;0.9966;1.0000;1.61;20.74;0.9996;1.0000;0.0000;0.0000;33.2964;860.2492;0.0000;74.2767;9.08;63.94
 KOMONDOR SIMULATION 'sim_input_nodes_3overlapWLANs_AM_ca2_loadB_400_loadAandC_200.csv' (seed 1991);4;4;12800;25600;12795925;25599251;199.92;88.85;0.9998;1.0000;1.73;25.10;1.0000;1.0000;0.0000;0.0000;31.9294;1030.8357;0.0099;77.7853;13.21;63.94
 KOMONDOR SIMULATION 'sim_input_nodes_3overlapWLANs_AM_ca2_loadB_400_loadAandC_250.csv' (seed 1991);4;4;16000;25600;16001563;25599738;249.63;76.88;1.0000;1.0000;1.98;27.98;1.0000;1.0000;0.0000;0.0000;30.9734;1225.4403;0.1571;80.7798;18.33;63.94
 KOMONDOR SIMULATION 'sim_input_nodes_3overlapWLANs_AM_ca2_loadB_400_loadAandC_300.csv' (seed 1991);4;4;19200;25600;19195164;25604266;297.67;66.33;1.0000;1.0000;2.22;33.51;1.0000;1.0000;0.0000;0.0000;30.2526;1455.2447;0.7508;83.4199;24.60;63.95
 KOMONDOR SIMULATION 'sim_input_nodes_3overlapWLANs_AM_ca2_loadB_400_loadAandC_350.csv' (seed 1991);4;4;22400;25600;22398424;25605818;341.83;62.49;1.0000;1.0000;2.61;34.82;1.0000;1.0000;0.0000;0.0000;31.7516;1557.9331;2.3274;84.3806;32.93;63.94
 KOMONDOR SIMULATION 'sim_input_nodes_3overlapWLANs_AM_ca2_loadB_400_loadAandC_400.csv' (seed 1991);4;4;25600;25600;25605799;25591949;381.46;58.50;1.0000;1.0000;3.06;35.99;1.0000;1.0000;0.0000;0.0000;33.3344;1678.9922;4.6551;85.3710;43.11;63.93
 KOMONDOR SIMULATION 'sim_input_nodes_3overlapWLANs_AM_ca2_loadB_400_loadAandC_450.csv' (seed 1991);4;4;28800;25600;28796059;25599163;418.16;51.81;1.0000;1.0000;3.48;41.63;1.0000;1.0000;0.0000;0.0000;33.8315;1923.8576;7.0616;87.0462;55.24;63.94
 KOMONDOR SIMULATION 'sim_input_nodes_3overlapWLANs_AM_ca2_loadB_400_loadAandC_500.csv' (seed 1991);4;4;32000;25600;31992158;25603043;458.02;26.05;1.0000;1.0000;3.91;79.02;1.0000;1.0000;0.0000;0.0000;23.5019;4042.5030;8.3736;93.4865;63.65;63.95
 KOMONDOR SIMULATION 'sim_input_nodes_3overlapWLANs_AM_ca2_loadB_400_loadAandC_550.csv' (seed 1991);4;4;35200;25600;35194596;25604795;464.83;19.05;1.0000;1.0000;4.07;143.48;1.0000;1.0000;0.0000;0.0000;20.3696;5609.9358;15.4729;95.2386;64.00;63.95
 KOMONDOR SIMULATION 'sim_input_nodes_3overlapWLANs_AM_ca2_loadB_400_loadAandC_600.csv' (seed 1991);4;4;38400;25600;38390470;25602928;464.82;19.14;1.0000;1.0000;4.13;185.67;1.0000;1.0000;0.0000;0.0000;20.3756;5582.1403;22.5110;95.2157;64.00;63.94
 KOMONDOR SIMULATION 'sim_input_nodes_3overlapWLANs_AM_ca2_loadB_400_loadAandC_650.csv' (seed 1991);4;4;41600;25600;41580837;25603967;464.97;18.99;1.0000;1.0000;4.25;133.63;1.0000;1.0000;0.0000;0.0000;20.2944;5626.3988;28.4321;95.2530;64.00;63.94
 KOMONDOR SIMULATION 'sim_input_nodes_3overlapWLANs_AM_ca2_loadB_400_loadAandC_700.csv' (seed 1991);4;4;44800;25600;44803958;25586864;464.97;18.98;1.0000;1.0000;4.33;98.60;1.0000;1.0000;0.0000;0.0000;20.2959;5617.5742;33.5811;95.2515;64.00;63.94
 KOMONDOR SIMULATION 'sim_input_nodes_3overlapWLANs_AM_ca2_loadB_400_loadAandC_750.csv' (seed 1991);4;4;48000;25600;47993539;25599342;464.73;19.24;1.0000;1.0000;4.40;101.65;1.0000;1.0000;0.0000;0.0000;20.4229;5550.4988;38.0281;95.1888;64.00;63.94
 KOMONDOR SIMULATION 'sim_input_nodes_3overlapWLANs_AM_ca2_loadB_400_loadAandC_800.csv' (seed 1991);4;4;51200;25600;51200174;25597005;464.47;19.58;1.0000;1.0000;4.39;133.28;1.0000;1.0000;0.0000;0.0000;20.5548;5451.5069;41.9414;95.1033;64.00;63.96
 KOMONDOR SIMULATION 'sim_input_nodes_3overlapWLANs_AM_ca2_loadB_400_loadAandC_850.csv' (seed 1991);4;4;54400;25600;54396206;25601981;465.57;18.28;1.0000;1.0000;4.43;134.78;1.0000;1.0000;0.0000;0.0000;19.9910;5849.7181;45.2235;95.4299;64.00;63.93
 KOMONDOR SIMULATION 'sim_input_nodes_3overlapWLANs_AM_ca2_loadB_400_loadAandC_900.csv' (seed 1991);4;4;57600;25600;57597084;25597988;464.95;18.98;1.0000;1.0000;4.48;111.78;1.0000;1.0000;0.0000;0.0000;20.3057;5621.1830;48.3357;95.2547;64.00;63.93
 KOMONDOR SIMULATION 'sim_input_nodes_3overlapWLANs_AM_ca2_loadB_400_loadAandC_950.csv' (seed 1991);4;4;60800;25600;60796267;25599210;465.57;18.19;1.0000;1.0000;4.50;123.81;1.0000;1.0000;0.0000;0.0000;19.9885;5882.2345;50.9893;95.4508;64.00;63.94