 KOMONDOR SIMULATION 'sim_input_nodes_3overlapWLANs_AM_ca1_loadB_100_loadAandC_001.csv' (seed 1992);4;4;64;6400;64285;6405413;1.00;100.08;0.0069;0.9782;0.59;1.15;0.0380;0.9969;0.0000;0.0000;1687.4886;12.5514;0.0000;0.0000;1.01;5.10
 KOMONDOR SIMULATION 'sim_input_nodes_3overlapWLANs_AM_ca1_loadB_100_loadAandC_050.csv' (seed 1992);4;4;3200;6400;3202208;6408006;50.03;100.12;0.6689;0.9762;0.89;1.14;0.9223;0.9966;0.0000;0.0000;18.5053;12.5562;0.0000;0.0000;2.27;5.10
 KOMONDOR SIMULATION 'sim_input_nodes_3overlapWLANs_AM_ca1_loadB_100_loadAandC_1000.csv' (seed 1992);4;4;64000;6400;64007085;6399590;264.93;99.99;1.0000;0.9801;8.34;1.15;1.0000;0.9972;0.0000;0.0000;12.2827;12.5591;73.5096;0.0000;64.00;5.09
 KOMONDOR SIMULATION 'sim_input_nodes_3overlapWLANs_AM_ca1_loadB_100_loadAandC_100.csv' (seed 1992);4;4;6400;6400;6403425;6402257;100.05;100.04;0.9785;0.9763;1.15;1.14;0.9969;0.9966;0.0000;0.0000;12.5462;12.5593;0.0000;0.0000;5.10;5.10
 KOMONDOR SIMULATION 'sim_input_nodes_3overlapWLANs_AM_ca1_loadB_100_loadAandC_150.csv' (seed 1992);4;4;9600;6400;9608905;6393702;150.14;99.90;0.9995;0.9792;1.54;1.14;0.9999;0.9970;0.0000;0.0000;12.2749;12.5606;0.0000;0.0000;10.03;5.09
 KOMONDOR SIMULATION 'sim_input_nodes_3overlapWLANs_AM_ca1_loadB_100_loadAandC_200.csv' (seed 1992);4;4;12800;6400;12803404;6398965;200.05;99.98;1.0000;0.9784;2.30;1.15;1.0000;0.9969;0.0000;0.0000;12.2780;12.5560;0.0000;0.0000;19.53;5.09
 KOMONDOR SIMULATION 'sim_input_nodes_3overlapWLANs_AM_ca1_loadB_100_loadAandC_250.csv' (seed 1992);4;4;16000;6400;16001184;6397800;249.96;99.97;1.0000;0.9779;4.31;1.15;1.0000;0.9969;0.0000;0.0000;12.2857;12.5578;0.0232;0.0000;45.22;5.09
 KOMONDOR SIMULATION 'sim_input_nodes_3overlapWLANs_AM_ca1_loadB_100_loadAandC_300.csv' (seed 1992);4;4;19200;6400;19197610;6399598;264.93;99.99;1.0000;0.9775;7.09;1.15;1.0000;0.9968;0.0000;0.0000;12.2829;12.5583;11.6786;0.0000;64.00;5.09
 KOMONDOR SIMULATION 'sim_input_nodes_3overlapWLANs_AM_ca1_loadB_100_loadAandC_350.csv' (seed 1992);4;4;22400;6400;22405301;6395835;264.94;99.93;1.0000;0.9774;7.39;1.15;1.0000;0.9968;0.0000;0.0000;12.2740;12.5544;24.3210;0.0000;64.00;5.09
 KOMONDOR SIMULATION 'sim_input_nodes_3overlapWLANs_AM_ca1_loadB_100_loadAandC_400.csv' (seed 1992);4;4;25600;6400;25600592;6399309;264.93;99.99;1.0000;0.9789;7.58;1.15;1.0000;0.9970;0.0000;0.0000;12.2909;12.5565;33.7693;0.0000;64.00;5.09
 KOMONDOR SIMULATION 'sim_input_nodes_3overlapWLANs_AM_ca1_loadB_100_loadAandC_450.csv' (seed 1992);4;4;28800;6400;28796908;6397918;264.93;99.97;1.0000;0.9772;7.72;1.14;1.0000;0.9968;0.0000;0.0000;12.2922;12.5618;41.1208;0.0000;64.00;5.09
 KOMONDOR SIMULATION 'sim_input_nodes_3overlapWLANs_AM_ca1_loadB_100_loadAandC_500.csv' (seed 1992);4;4;32000;6400;32007656;6401474;264.94;100.02;1.0000;0.9770;7.83;1.14;1.0000;0.9967;0.0000;0.0000;12.2760;12.5581;47.0250;0.0000;64.00;5.10
 KOMONDOR SIMULATION 'sim_input_nodes_3overlapWLANs_AM_ca1_loadB_100_loadAandC_550.csv' (seed 1992);4;4;35200;6400;35207485;6398230;264.93;99.97;1.0000;0.9782;7.93;1.15;1.0000;0.9969;0.0000;0.0000;12.2853;12.5570;51.8408;0.0000;64.00;5.09
 KOMONDOR SIMULATION 'sim_input_nodes_3overlapWLANs_AM_ca1_loadB_100_loadAandC_600.csv' (seed 1992);4;4;38400;6400;38404924;6401821;264.94;100.03;1.0000;0.9756;8.00;1.14;1.0000;0.9965;0.0000;0.0000;12.2755;12.5549;55.8492;0.0000;64.00;5.10
 KOMONDOR SIMULATION 'sim_input_nodes_3overlapWLANs_AM_ca1_loadB_100_loadAandC_650.csv' (seed 1992);4;4;41600;6400;41610361;6401473;264.94;100.02;1.0000;0.9761;8.06;1.14;1.0000;0.9966;0.0000;0.0000;12.2666;12.5531;59.2495;0.0000;64.00;5.10
 KOMONDOR SIMULATION 'sim_input_nodes_3overlapWLANs_AM_ca1_loadB_100_loadAandC_700.csv' (seed 1992);4;4;44800;6400;44799571;6398473;264.94;99.98;1.0000;0.9791;8.12;1.14;1.0000;0.9970;0.0000;0.0000;12.2733;12.5571;62.1511;0.0000;64.00;5.09
 KOMONDOR SIMULATION 'sim_input_nodes_3overlapWLANs_AM_ca1_loadB_100_loadAandC_750.csv' (seed 1992);4;4;48000;6400;48009839;6402804;264.92;100.04;1.0000;0.9778;8.17;1.15;1.0000;0.9969;0.0000;0.0000;12.2940;12.5645;64.6837;0.0000;64.00;5.10
 KOMONDOR SIMULATION 'sim_input_nodes_3overlapWLANs_AM_ca1_loadB_100_loadAandC_800.csv' (seed 1992);4;4;51200;6400;51202638;6407139;264.93;100.11;1.0000;0.9792;8.21;1.15;1.0000;0.9971;0.0000;0.0000;12.2853;12.5521;66.8851;0.0000;64.00;5.10
 KOMONDOR SIMULATION 'sim_input_nodes_3overlapWLANs_AM_ca1_loadB_100_loadAandC_850.csv' (seed 1992);4;4;54400;6400;54412890;6401815;264.93;100.03;1.0000;0.9788;8.25;1.15;1.0000;0.9970;0.0000;0.0000;12.2816;12.5667;68.8386;0.0000;64.00;5.10
 KOMONDOR SIMULATION 'sim_input_nodes_3overlapWLANs_AM_ca1_loadB_100_loadAandC_900.csv' (seed 1992);4;4;57600;6400;57600854;6403626;264.92;100.06;1.0000;0.9791;8.28;1.14;1.0000;0.9971;0.0000;0.0000;12.2961;12.5621;70.5642;0.0000;64.00;5.10
 KOMONDOR SIMULATION 'sim_input_nodes_3overlapWLANs_AM_ca1_loadB_100_loadAandC_950.csv' (seed 1992);4;4;60800;6400;60808336;6398571;264.93;99.98;1.0000;0.9775;8.31;1.14;1.0000;0.9968;0.0000;0.0000;12.2882;12.5491;72.1164;0.0000;64.00;5.09
 KOMONDOR SIMULATION 'sim_input_nodes_3overlapWLANs_AM_ca1_loadB_250_loadAandC_001.csv' (seed 1992);4;4;64;16000;64468;16005655;1.01;250.02;0.0064;1.0000;0.58;4.35;0.0371;1.0000;0.0000;0.0000;1683.9588;12.2838;0.0000;0.0253;1.01;45.28
 KOMONDOR SIMULATION 'sim_input_nodes_3overlapWLANs_AM_ca1_loadB_250_loadAandC_050.csv' (seed 1992);4;4;3200;16000;3198043;16005523;49.97;250.02;0.6649;1.0000;0.89;4.36;0.9212;1.0000;0.0000;0.0000;18.5400;12.2794;0.0000;0.0251;2.26;45.28
 KOMONDOR SIMULATION 'sim_input_nodes_3overlapWLANs_AM_ca1_loadB_250_loadAandC_1000.csv' (seed 1992);4;4;64000;16000;64008033;15997637;264.93;249.90;1.0000;1.0000;8.34;4.37;1.0000;1.0000;0.0000;0.0000;12.2839;12.2769;73.5100;0.0244;64.00;45.16
 KOMONDOR SIMULATION 'sim_input_nodes_3overlapWLANs_AM_ca1_loadB_250_loadAandC_100.csv' (seed 1992);4;4;6400;16000;6398660;16009581;99.98;250.09;0.9789;1.0000;1.14;4.36;0.9970;1.0000;0.0000;0.0000;12.5473;12.2815;0.0000;0.0252;5.09;45.34
 KOMONDOR SIMULATION 'sim_input_nodes_3overlapWLANs_AM_ca1_loadB_250_loadAandC_150.csv' (seed 1992);4;4;9600;16000;9601474;16002652;150.02;249.97;0.9998;1.0000;1.54;4.37;1.0000;1.0000;0.0000;0.0000;12.2831;12.2891;0.0000;0.0275;10.02;45.24
 KOMONDOR SIMULATION 'sim_input_nodes_3overlapWLANs_AM_ca1_loadB_250_loadAandC_200.csv' (seed 1992);4;4;12800;16000;12800132;15999565;200.00;249.93;1.0000;1.0000;2.30;4.32;1.0000;1.0000;0.0000;0.0000;12.2833;12.2781;0.0000;0.0245;19.52;45.19
 KOMONDOR SIMULATION 'sim_input_nodes_3overlapWLANs_AM_ca1_loadB_250_loadAandC_250.csv' (seed 1992);4;4;16000;16000;15996241;15999566;249.88;249.93;1.0000;1.0000;4.40;4.40;1.0000;1.0000;0.0000;0.0000;12.2766;12.2733;0.0239;0.0249;45.14;45.19
 KOMONDOR SIMULATION 'sim_input_nodes_3overlapWLANs_AM_ca1_loadB_250_loadAandC_300.csv' (seed 1992);4;4;19200;16000;19194571;16003033;264.93;249.98;1.0000;1.0000;7.10;4.39;1.0000;1.0000;0.0000;0.0000;12.2841;12.2742;11.6648;0.0251;64.00;45.24
 KOMONDOR SIMULATION 'sim_input_nodes_3overlapWLANs_AM_ca1_loadB_250_loadAandC_350.csv' (seed 1992);4;4;22400;16000;22395060;15998094;264.93;249.90;1.0000;1.0000;7.39;4.36;1.0000;1.0000;0.0000;0.0000;12.2896;12.2749;24.2892;0.0276;64.00;45.16
 KOMONDOR SIMULATION 'sim_input_nodes_3overlapWLANs_AM_ca1_loadB_250_loadAandC_400.csv' (seed 1992);4;4;25600;16000;25602607;16002297;264.93;249.97;1.0000;1.0000;7.58;4.36;1.0000;1.0000;0.0000;0.0000;12.2852;12.2829;33.7737;0.0243;64.00;45.24
 KOMONDOR SIMULATION 'sim_input_nodes_3overlapWLANs_AM_ca1_loadB_250_loadAandC_450.csv' (seed 1992);4;4;28800;16000;28800660;16002320;264.94;249.97;1.0000;1.0000;7.72;4.35;1.0000;1.0000;0.0000;0.0000;12.2717;12.2706;41.1256;0.0260;64.00;45.22
 KOMONDOR SIMULATION 'sim_input_nodes_3overlapWLANs_AM_ca1_loadB_250_loadAandC_500.csv' (seed 1992);4;4;32000;16000;32000178;16000205;264.94;249.94;1.0000;1.0000;7.83;4.42;1.0000;1.0000;0.0000;0.0000;12.2780;12.2754;47.0130;0.0250;64.00;45.20
 KOMONDOR SIMULATION 'sim_input_nodes_3overlapWLANs_AM_ca1_loadB_250_loadAandC_550.csv' (seed 1992);4;4;35200;16000;35202715;16004211;264.94;250.00;1.0000;1.0000;7.93;4.38;1.0000;1.0000;0.0000;0.0000;12.2734;12.2790;51.8329;0.0246;64.00;45.26
 KOMONDOR SIMULATION 'sim_input_nodes_3overlapWLANs_AM_ca1_loadB_250_loadAandC_600.csv' (seed 1992);4;4;38400;16000;38401369;16009956;264.94;250.09;1.0000;1.0000;8.00;4.47;1.0000;1.0000;0.0000;0.0000;12.2735;12.2808;55.8450;0.0242;64.00;45.35
 KOMONDOR SIMULATION 'sim_input_nodes_3overlapWLANs_AM_ca1_loadB_250_loadAandC_650.csv' (seed 1992);4;4;41600;16000;41603356;16005421;264.93;250.02;1.0000;1.0000;8.07;4.36;1.0000;1.0000;0.0000;0.0000;12.2882;12.2809;59.2447;0.0239;64.00;45.28
 KOMONDOR SIMULATION 'sim_input_nodes_3overlapWLANs_AM_ca1_loadB_250_loadAandC_700.csv' (seed 1992);4;4;44800;16000;44810504;15999969;264.93;249.94;1.0000;1.0000;8.12;4.38;1.0000;1.0000;0.0000;0.0000;12.2784;12.2756;62.1608;0.0247;64.00;45.19
 KOMONDOR SIMULATION 'sim_input_nodes_3overlapWLANs_AM_ca1_loadB_250_loadAandC_750.csv' (seed 1992);4;4;48000;16000;48000716;15998233;264.93;249.91;1.0000;1.0000;8.17;4.28;1.0000;1.0000;0.0000;0.0000;12.2866;12.2759;64.6763;0.0235;64.00;45.17
 KOMONDOR SIMULATION 'sim_input_nodes_3overlapWLANs_AM_ca1_loadB_250_loadAandC_800.csv' (seed 1992);4;4;51200;16000;51204352;16001604;264.94;249.96;1.0000;1.0000;8.21;4.32;1.0000;1.0000;0.0000;0.0000;12.2703;12.2856;66.8851;0.0258;64.00;45.22
 KOMONDOR SIMULATION 'sim_input_nodes_3overlapWLANs_AM_ca1_loadB_250_loadAandC_850.csv' (seed 1992);4;4;54400;16000;54416523;15996186;264.93;249.88;1.0000;1.0000;8.25;4.35;1.0000;1.0000;0.0000;0.0000;12.2867;12.2797;68.8410;0.0228;64.00;45.15
 KOMONDOR SIMULATION 'sim_input_nodes_3overlapWLANs_AM_ca1_loadB_250_loadAandC_900.csv' (seed 1992);4;4;57600;16000;57610240;15999886;264.93;249.93;1.0000;1.0000;8.28;4.36;1.0000;1.0000;0.0000;0.0000;12.2867;12.2762;70.5684;0.0274;64.00;45.19
 KOMONDOR SIMULATION 'sim_input_nodes_3overlapWLANs_AM_ca1_loadB_250_loadAandC_950.csv' (seed 1992);4;4;60800;16000;60808381;16003135;264.94;249.99;1.0000;1.0000;8.31;4.40;1.0000;1.0000;0.0000;0.0000;12.2719;12.2647;72.1153;0.0243;64.00;45.24
 KOMONDOR SIMULATION 'sim_input_nodes_3overlapWLANs_AM_ca1_loadB_400_loadAandC_001.csv' (seed 1992);4;4;64;25600;63886;25603140;1.00;264.93;0.0067;1.0000;0.60;7.57;0.0355;1.0000;0.0000;0.0000;1698.5849;12.2887;0.0000;33.7756;1.01;64.00
 KOMONDOR SIMULATION 'sim_input_nodes_3overlapWLANs_AM_ca1_loadB_400_loadAandC_050.csv' (seed 1992);4;4;3200;25600;3198780;25603409;49.98;264.94;0.6661;1.0000;0.89;7.57;0.9218;1.0000;0.0000;0.0000;18.5524;12.2665;0.0000;33.7728;2.26;64.00
 KOMONDOR SIMULATION 'sim_input_nodes_3overlapWLANs_AM_ca1_loadB_400_loadAandC_1000.csv' (seed 1992);4;4;64000;25600;64006539;25607702;264.93;264.93;1.0000;1.0000;8.34;7.58;1.0000;1.0000;0.0000;0.0000;12.2801;12.2787;73.5091;33.7859;64.00;64.00
 KOMONDOR SIMULATION 'sim_input_nodes_3overlapWLANs_AM_ca1_loadB_400_loadAandC_100.csv' (seed 1992);4;4;6400;25600;6405974;25596730;100.09;264.93;0.9791;1.0000;1.15;7.58;0.9970;1.0000;0.0000;0.0000;12.5520;12.2815;0.0000;33.7579;5.10;64.00
 KOMONDOR SIMULATION 'sim_input_nodes_3overlapWLANs_AM_ca1_loadB_400_loadAandC_150.csv' (seed 1992);4;4;9600;25600;9598635;25603852;149.98;264.93;0.9998;1.0000;1.54;7.58;1.0000;1.0000;0.0000;0.0000;12.2768;12.2778;0.0000;33.7757;10.01;64.00
 KOMONDOR SIMULATION 'sim_input_nodes_3overlapWLANs_AM_ca1_loadB_400_loadAandC_200.csv' (seed 1992);4;4;12800;25600;12803714;25595086;200.06;264.93;1.0000;1.0000;2.30;7.58;1.0000;1.0000;0.0000;0.0000;12.2718;12.2900;0.0000;33.7550;19.53;64.00
 KOMONDOR SIMULATION 'sim_input_nodes_3overlapWLANs_AM_ca1_loadB_400_loadAandC_250.csv' (seed 1992);4;4;16000;25600;16000170;25593812;249.94;264.93;1.0000;1.0000;4.33;7.58;1.0000;1.0000;0.0000;0.0000;12.2787;12.2807;0.0228;33.7502;45.20;64.00
 KOMONDOR SIMULATION 'sim_input_nodes_3overlapWLANs_AM_ca1_loadB_400_loadAandC_300.csv' (seed 1992);4;4;19200;25600;19196347;25605247;264.93;264.92;1.0000;1.0000;7.11;7.58;1.0000;1.0000;0.0000;0.0000;12.2841;12.2956;11.6729;33.7821;64.00;64.00
 KOMONDOR SIMULATION 'sim_input_nodes_3overlapWLANs_AM_ca1_loadB_400_loadAandC_350.csv' (seed 1992);4;4;22400;25600;22400773;25607529;264.93;264.94;1.0000;1.0000;7.40;7.58;1.0000;1.0000;0.0000;0.0000;12.2828;12.2760;24.3073;33.7849;64.00;64.00
 KOMONDOR SIMULATION 'sim_input_nodes_3overlapWLANs_AM_ca1_loadB_400_loadAandC_400.csv' (seed 1992);4;4;25600;25600;25601810;25600783;264.93;264.94;1.0000;1.0000;7.58;7.58;1.0000;1.0000;0.0000;0.0000;12.2881;12.2704;33.7721;33.7666;64.00;64.00
 KOMONDOR SIMULATION 'sim_input_nodes_3overlapWLANs_AM_ca1_loadB_400_loadAandC_450.csv' (seed 1992);4;4;28800;25600;28797676;25594850;264.93;264.94;1.0000;1.0000;7.72;7.57;1.0000;1.0000;0.0000;0.0000;12.2903;12.2678;41.1221;33.7509;64.00;64.00
 KOMONDOR SIMULATION 'sim_input_nodes_3overlapWLANs_AM_ca1_loadB_400_loadAandC_500.csv' (seed 1992);4;4;32000;25600;31999697;25606564;264.93;264.94;1.0000;1.0000;7.83;7.58;1.0000;1.0000;0.0000;0.0000;12.2904;12.2751;47.0137;33.7823;64.00;64.00
 KOMONDOR SIMULATION 'sim_input_nodes_3overlapWLANs_AM_ca1_loadB_400_loadAandC_550.csv' (seed 1992);4;4;35200;25600;35204619;25604794;264.93;264.93;1.0000;1.0000;7.92;7.58;1.0000;1.0000;0.0000;0.0000;12.2807;12.2819;51.8362;33.7789;64.00;64.00
 KOMONDOR SIMULATION 'sim_input_nodes_3overlapWLANs_AM_ca1_loadB_400_loadAandC_600.csv' (seed 1992);4;4;38400;25600;38409177;25600802;264.93;264.94;1.0000;1.0000;8.00;7.58;1.0000;1.0000;0.0000;0.0000;12.2877;12.2629;55.8554;33.7655;64.00;64.00
 KOMONDOR SIMULATION 'sim_input_nodes_3overlapWLANs_AM_ca1_loadB_400_loadAandC_650.csv' (seed 1992);4;4;41600;25600;41606762;25602648;264.94;264.93;1.0000;1.0000;8.06;7.58;1.0000;1.0000;0.0000;0.0000;12.2739;12.2860;59.2467;33.7740;64.00;64.00
 KOMONDOR SIMULATION 'sim_input_nodes_3overlapWLANs_AM_ca1_loadB_400_loadAandC_700.csv' (seed 1992);4;4;44800;25600;44802003;25597460;264.93;264.94;1.0000;1.0000;8.12;7.58;1.0000;1.0000;0.0000;0.0000;12.2898;12.2650;62.1546;33.7572;64.00;64.00
 KOMONDOR SIMULATION 'sim_input_nodes_3overlapWLANs_AM_ca1_loadB_400_loadAandC_750.csv' (seed 1992);4;4;48000;25600;47996344;25609414;264.93;264.93;1.0000;1.0000;8.17;7.58;1.0000;1.0000;0.0000;0.0000;12.2783;12.2828;64.6724;33.7909;64.00;64.00
 KOMONDOR SIMULATION 'sim_input_nodes_3overlapWLANs_AM_ca1_loadB_400_loadAandC_800.csv' (seed 1992);4;4;51200;25600;51205180;25611556;264.94;264.94;1.0000;1.0000;8.21;7.58;1.0000;1.0000;0.0000;0.0000;12.2696;12.2735;66.8855;33.7950;64.00;64.00
 KOMONDOR SIMULATION 'sim_input_nodes_3overlapWLANs_AM_ca1_loadB_400_loadAandC_850.csv' (seed 1992);4;4;54400;25600;54403524;25602961;264.92;264.94;1.0000;1.0000;8.25;7.58;1.0000;1.0000;0.0000;0.0000;12.2944;12.2744;68.8342;33.7729;64.00;64.00
 KOMONDOR SIMULATION 'sim_input_nodes_3overlapWLANs_AM_ca1_loadB_400_loadAandC_900.csv' (seed 1992);4;4;57600;25600;57602404;25601350;264.94;264.94;1.0000;1.0000;8.28;7.58;1.0000;1.0000;0.0000;0.0000;12.2666;12.2704;70.5630;33.7681;64.00;64.00
 KOMONDOR SIMULATION 'sim_input_nodes_3overlapWLANs_AM_ca1_loadB_400_loadAandC_950.csv' (seed 1992);4;4;60800;25600;60803680;25602213;264.94;264.94;1.0000;1.0000;8.31;7.58;1.0000;1.0000;0.0000;0.0000;12.2717;12.2742;72.1132;33.7709;64.00;64.00
 KOMONDOR SIMULATION 'sim_input_nodes_3overlapWLANs_AM_ca2_loadB_100_loadAandC_001.csv' (seed 1992);4;4;64;6400;64285;6405413;1.00;100.08;0.0172;0.9585;0.77;0.92;0.0493;0.9921;0.0000;0.0000;1716.9433;17.0640;0.0000;0.0000;1.02;4.40
 KOMONDOR SIMULATION 'sim_input_nodes_3overlapWLANs_AM_ca2_loadB_100_loadAandC_050.csv' (seed 1992);4;4;3200;6400;3202208;6408006;50.03;100.10;0.7470;0.9970;1.10;3.84;0.9316;0.9994;0.0000;0.0000;46.8456;232.5958;0.0000;0.0241;2.95;19.09
 KOMONDOR SIMULATION 'sim_input_nodes_3overlapWLANs_AM_ca2_loadB_100_loadAandC_1000.csv' (seed 1992);4;4;64000;6400;64007085;6399590;472.10;10.02;1.0000;0.9985;4.44;270.91;1.0000;1.0000;0.0000;0.0000;16.6855;8988.1269;52.7945;89.9756;64.00;52.98
 KOMONDOR SIMULATION 'sim_input_nodes_3overlapWLANs_AM_ca2_loadB_100_loadAandC_100.csv' (seed 1992);4;4;6400;6400;6403425;6402257;100.05;91.57;0.9634;0.9995;1.27;11.81;0.9939;0.9999;0.0000;0.0000;31.2557;645.0747;0.0000;8.4590;5.37;42.53
 KOMONDOR SIMULATION 'sim_input_nodes_3overlapWLANs_AM_ca2_loadB_100_loadAandC_150.csv' (seed 1992);4;4;9600;6400;9608905;6393702;150.14;84.02;0.9972;0.9999;1.41;15.60;0.9996;0.9999;0.0000;0.0000;29.7423;857.1762;0.0000;15.8996;8.69;50.29
 KOMONDOR SIMULATION 'sim_input_nodes_3overlapWLANs_AM_ca2_loadB_100_loadAandC_200.csv' (seed 1992);4;4;12800;6400;12803404;6398965;200.05;76.87;0.9999;0.9998;1.61;19.01;1.0000;1.0000;0.0000;0.0000;29.4500;1044.3984;0.0000;23.1177;12.81;54.84
 KOMONDOR SIMULATION 'sim_input_nodes_3overlapWLANs_AM_ca2_loadB_100_loadAandC_250.csv' (seed 1992);4;4;16000;6400;16001184;6397800;250.01;67.29;1.0000;0.9999;1.80;25.98;1.0000;1.0000;0.0000;0.0000;28.8029;1267.0387;0.0038;32.6842;17.86;56.85
 KOMONDOR SIMULATION 'sim_input_nodes_3overlapWLANs_AM_ca2_loadB_100_loadAandC_300.csv' (seed 1992);4;4;19200;6400;19197610;6399598;299.53;57.64;1.0000;0.9998;2.07;30.88;1.0000;1.0000;0.0000;0.0000;28.0998;1523.3699;0.1429;42.3544;24.20;57.24
 KOMONDOR SIMULATION 'sim_input_nodes_3overlapWLANs_AM_ca2_loadB_100_loadAandC_350.csv' (seed 1992);4;4;22400;6400;22405301;6395835;346.39;51.59;1.0000;0.9996;2.43;36.27;1.0000;1.0000;0.0000;0.0000;28.6637;1664.2863;1.0537;48.3715;32.55;55.26
 KOMONDOR SIMULATION 'sim_input_nodes_3overlapWLANs_AM_ca2_loadB_100_loadAandC_400.csv' (seed 1992);4;4;25600;6400;25600592;6399309;388.37;45.22;1.0000;0.9999;2.76;45.16;1.0000;1.0000;0.0000;0.0000;28.9248;1885.7270;2.9082;54.7716;42.60;54.13
 KOMONDOR SIMULATION 'sim_input_nodes_3overlapWLANs_AM_ca2_loadB_100_loadAandC_450.csv' (seed 1992);4;4;28800;6400;28804118;6397918;427.97;37.07;1.0000;0.9999;3.31;49.72;1.0000;1.0000;0.0000;0.0000;28.0779;2314.8766;4.9081;62.9180;54.88;53.50
 KOMONDOR SIMULATION 'sim_input_nodes_3overlapWLANs_AM_ca2_loadB_100_loadAandC_500.csv' (seed 1992);4;4;32000;6400;32013445;6401474;466.27;15.50;1.0000;0.9989;3.80;165.29;1.0000;1.0000;0.0000;0.0000;19.2375;5739.6001;6.7839;84.4974;63.65;52.95
 KOMONDOR SIMULATION 'sim_input_nodes_3overlapWLANs_AM_ca2_loadB_100_loadAandC_550.csv' (seed 1992);4;4;35200;6400;35207485;6398230;472.72;9.39;1.0000;0.9982;4.00;277.87;1.0000;1.0000;0.0000;0.0000;16.3803;9621.2982;14.0698;90.6090;64.00;53.04
 KOMONDOR SIMULATION 'sim_input_nodes_3overlapWLANs_AM_ca2_loadB_100_loadAandC_600.csv' (seed 1992);4;4;38400;6400;38400396;6401821;472.10;10.07;1.0000;1.0000;4.14;181.33;1.0000;1.0000;0.0000;0.0000;16.6884;8995.0484;21.3174;89.9289;64.00;53.32
 KOMONDOR SIMULATION 'sim_input_nodes_3overlapWLANs_AM_ca2_loadB_100_loadAandC_650.csv' (seed 1992);4;4;41600;6400;41610361;6401473;472.66;9.44;1.0000;1.0000;4.18;253.23;1.0000;1.0000;0.0000;0.0000;16.4085;9647.4614;27.3007;90.5599;64.00;53.51
 KOMONDOR SIMULATION 'sim_input_nodes_3overlapWLANs_AM_ca2_loadB_100_loadAandC_700.csv' (seed 1992);4;4;44800;6400;44799571;6398473;472.29;9.85;1.0000;1.0000;4.22;297.42;1.0000;1.0000;0.0000;0.0000;16.5939;9225.8177;32.5293;90.1420;64.00;53.45
 KOMONDOR SIMULATION 'sim_input_nodes_3overlapWLANs_AM_ca2_loadB_100_loadAandC_750.csv' (seed 1992);4;4;48000;6400;48009839;6402804;472.38;9.71;1.0000;1.0000;4.25;351.50;1.0000;1.0000;0.0000;0.0000;16.5487;9363.9780;37.0287;90.2891;64.00;53.48
 KOMONDOR SIMULATION 'sim_input_nodes_3overlapWLANs_AM_ca2_loadB_100_loadAandC_800.csv' (seed 1992);4;4;51200;6400;51200278;6407139;472.42;9.63;1.0000;1.0000;4.34;190.17;1.0000;1.0000;0.0000;0.0000;16.5278;9431.6269;40.9474;90.3797;64.00;53.38
 KOMONDOR SIMULATION 'sim_input_nodes_3overlapWLANs_AM_ca2_loadB_100_loadAandC_850.csv' (seed 1992);4;4;54400;6400;54412890;6401815;472.52;9.61;1.0000;1.0000;4.36;245.08;1.0000;1.0000;0.0000;0.0000;16.4783;9482.5893;44.4223;90.3865;64.00;53.62
 KOMONDOR SIMULATION 'sim_input_nodes_3overlapWLANs_AM_ca2_loadB_100_loadAandC_900.csv' (seed 1992);4;4;57600;6400;57600854;6403626;472.39;9.77;1.0000;1.0000;4.39;253.19;1.0000;1.0000;0.0000;0.0000;16.5442;9381.9727;47.5129;90.2366;64.00;53.86
 KOMONDOR SIMULATION 'sim_input_nodes_3overlapWLANs_AM_ca2_loadB_100_loadAandC_950.csv' (seed 1992);4;4;60800;6400;60809010;6398571;472.50;9.62;1.0000;1.0000;4.42;245.23;1.0000;1.0000;0.0000;0.0000;16.4888;9412.4347;50.2703;90.3722;64.00;53.23
 KOMONDOR SIMULATION 'sim_input_nodes_3overlapWLANs_AM_ca2_loadB_250_loadAandC_001.csv' (seed 1992);4;4;64;16000;64468;16005655;1.01;250.09;0.0225;1.0000;0.91;1.34;0.0572;1.0000;0.0000;0.0000;1727.0424;18.0650;0.0000;0.0000;1.03;15.35
 KOMONDOR SIMULATION 'sim_input_nodes_3overlapWLANs_AM_ca2_loadB_250_loadAandC_050.csv' (seed 1992);4;4;3200;16000;3198043;16005523;49.97;217.21;0.7632;1.0000;1.61;6.72;0.9477;1.0000;0.0000;0.0000;73.8856;255.2943;0.0000;13.1453;3.78;56.95
 KOMONDOR SIMULATION 'sim_input_nodes_3overlapWLANs_AM_ca2_loadB_250_loadAandC_1000.csv' (seed 1992);4;4;64000;16000;63997740;15998812;467.16;16.32;1.0000;1.0000;4.52;134.56;1.0000;1.0000;0.0000;0.0000;19.1782;6487.0921;53.2825;93.4719;64.00;63.00
 KOMONDOR SIMULATION 'sim_input_nodes_3overlapWLANs_AM_ca2_loadB_250_loadAandC_100.csv' (seed 1992);4;4;6400;16000;6398660;16009581;99.98;123.61;0.9633;1.0000;1.48;15.73;0.9943;1.0000;0.0000;0.0000;36.9750;664.4056;0.0000;50.5865;5.75;62.61
 KOMONDOR SIMULATION 'sim_input_nodes_3overlapWLANs_AM_ca2_loadB_250_loadAandC_150.csv' (seed 1992);4;4;9600;16000;9601474;16002652;150.02;102.06;0.9970;1.0000;1.59;19.98;0.9996;1.0000;0.0000;0.0000;33.1727;856.4267;0.0000;59.1819;9.07;63.05
 KOMONDOR SIMULATION 'sim_input_nodes_3overlapWLANs_AM_ca2_loadB_250_loadAandC_200.csv' (seed 1992);4;4;12800;16000;12800132;15999565;200.00;87.94;0.9998;1.0000;1.73;23.73;1.0000;1.0000;0.0000;0.0000;31.7697;1030.8182;0.0007;64.8232;13.19;63.18
 KOMONDOR SIMULATION 'sim_input_nodes_3overlapWLANs_AM_ca2_loadB_250_loadAandC_250.csv' (seed 1992);4;4;16000;16000;15996241;15999566;249.77;75.54;0.9999;1.0000;1.98;27.71;1.0000;1.0000;0.0000;0.0000;30.6943;1233.9737;0.0692;69.7828;18.28;63.10
 KOMONDOR SIMULATION 'sim_input_nodes_3overlapWLANs_AM_ca2_loadB_250_loadAandC_300.csv' (seed 1992);4;4;19200;16000;19194571;16003033;298.15;64.61;1.0000;1.0000;2.15;34.65;1.0000;1.0000;0.0000;0.0000;29.8401;1479.2913;0.5870;74.1597;24.55;63.11
 KOMONDOR SIMULATION 'sim_input_nodes_3overlapWLANs_AM_ca2_loadB_250_loadAandC_350.csv' (seed 1992);4;4;22400;16000;22395060;15998094;342.58;60.71;1.0000;1.0000;2.57;35.59;1.0000;1.0000;0.0000;0.0000;31.2501;1586.0145;2.0982;75.7113;32.88;63.02
 KOMONDOR SIMULATION 'sim_input_nodes_3overlapWLANs_AM_ca2_loadB_250_loadAandC_400.csv' (seed 1992);4;4;25600;16000;25602607;16002297;382.64;55.98;1.0000;1.0000;2.96;39.31;1.0000;1.0000;0.0000;0.0000;32.4268;1737.1955;4.3493;77.6112;42.95;62.98
 KOMONDOR SIMULATION 'sim_input_nodes_3overlapWLANs_AM_ca2_loadB_250_loadAandC_450.csv' (seed 1992);4;4;28800;16000;28800660;16002320;420.42;48.81;1.0000;1.0000;3.39;45.63;1.0000;1.0000;0.0000;0.0000;32.5383;2023.8433;6.5753;80.4796;55.19;62.97
 KOMONDOR SIMULATION 'sim_input_nodes_3overlapWLANs_AM_ca2_loadB_250_loadAandC_500.csv' (seed 1992);4;4;32000;16000;32000178;16000205;459.96;23.59;1.0000;1.0000;3.86;94.80;1.0000;1.0000;0.0000;0.0000;22.4896;4413.1523;8.0086;90.5632;63.65;62.92
 KOMONDOR SIMULATION 'sim_input_nodes_3overlapWLANs_AM_ca2_loadB_250_loadAandC_550.csv' (seed 1992);4;4;35200;16000;35202715;16004211;465.32;18.39;1.0000;1.0000;4.04;177.16;1.0000;1.0000;0.0000;0.0000;20.1145;5733.3320;15.4021;92.6469;64.00;63.01
 KOMONDOR SIMULATION 'sim_input_nodes_3overlapWLANs_AM_ca2_loadB_250_loadAandC_600.csv' (seed 1992);4;4;38400;16000;38401369;16009956;466.58;16.97;1.0000;1.0000;4.19;133.61;1.0000;1.0000;0.0000;0.0000;19.4730;6229.1667;22.2394;93.2162;64.00;63.01
 KOMONDOR SIMULATION 'sim_input_nodes_3overlapWLANs_AM_ca2_loadB_250_loadAandC_650.csv' (seed 1992);4;4;41600;16000;41603356;16005421;467.56;15.88;1.0000;1.0000;4.24;137.27;1.0000;1.0000;0.0000;0.0000;18.9735;6660.5952;28.0733;93.6504;64.00;62.90
 KOMONDOR SIMULATION 'sim_input_nodes_3overlapWLANs_AM_ca2_loadB_250_loadAandC_700.csv' (seed 1992);4;4;44800;16000;44807650;15996305;466.73;16.81;1.0000;1.0000;4.27;162.83;1.0000;1.0000;0.0000;0.0000;19.3942;6285.2381;33.3350;93.2742;64.00;62.95
 KOMONDOR SIMULATION 'sim_input_nodes_3overlapWLANs_AM_ca2_loadB_250_loadAandC_750.csv' (seed 1992);4;4;48000;16000;48002203;15998233;466.81;16.65;1.0000;1.0000;4.35;129.43;1.0000;1.0000;0.0000;0.0000;19.3530;6345.4372;37.7608;93.3396;64.00;62.91
 KOMONDOR SIMULATION 'sim_input_nodes_3overlapWLANs_AM_ca2_loadB_250_loadAandC_800.csv' (seed 1992);4;4;51200;16000;51204352;16001604;466.48;17.07;1.0000;1.0000;4.39;140.25;1.0000;1.0000;0.0000;0.0000;19.5232;6188.7352;41.6947;93.1719;64.00;62.99
 KOMONDOR SIMULATION 'sim_input_nodes_3overlapWLANs_AM_ca2_loadB_250_loadAandC_850.csv' (seed 1992);4;4;54400;16000;54405524;15996186;465.80;17.89;1.0000;1.0000;4.45;120.36;1.0000;1.0000;0.0000;0.0000;19.8701;5892.9516;45.2051;92.8415;64.00;62.97
 KOMONDOR SIMULATION 'sim_input_nodes_3overlapWLANs_AM_ca2_loadB_250_loadAandC_900.csv' (seed 1992);4;4;57600;16000;57610240;15999886;466.26;17.29;1.0000;1.0000;4.43;178.02;1.0000;1.0000;0.0000;0.0000;19.6369;6109.1297;48.2026;93.0824;64.00;63.00
 KOMONDOR SIMULATION 'sim_input_nodes_3overlapWLANs_AM_ca2_loadB_250_loadAandC_950.csv' (seed 1992);4;4;60800;16000;60808381;16003135;466.33;17.28;1.0000;1.0000;4.51;119.65;1.0000;1.0000;0.0000;0.0000;19.6025;6106.8449;50.9197;93.0881;64.00;62.96
 KOMONDOR SIMULATION 'sim_input_nodes_3overlapWLANs_AM_ca2_loadB_400_loadAandC_001.csv' (seed 1992);4;4;64;25600;63886;25603140;1.00;400.03;0.0336;1.0000;1.29;2.34;0.0745;1.0000;0.0000;0.0000;1783.8517;21.6745;0.0000;0.0041;1.05;41.64
 KOMONDOR SIMULATION 'sim_input_nodes_3overlapWLANs_AM_ca2_loadB_400_loadAandC_050.csv' (seed 1992);4;4;3200;25600;3198780;25603409;49.98;231.95;0.7559;1.0000;1.73;8.56;0.9510;1.0000;0.0000;0.0000;78.3519;259.9033;0.0000;42.0188;3.92;63.91
 KOMONDOR SIMULATION 'sim_input_nodes_3overlapWLANs_AM_ca2_loadB_400_loadAandC_1000.csv' (seed 1992);4;4;64000;25600;64006539;25607702;464.65;19.38;1.0000;1.0000;4.53;125.47;1.0000;1.0000;0.0000;0.0000;20.4600;5509.4400;53.5392;95.1565;64.00;63.94
 KOMONDOR SIMULATION 'sim_input_nodes_3overlapWLANs_AM_ca2_loadB_400_loadAandC_100.csv' (seed 1992);4;4;6400;25600;6405974;25596730;100.09;126.06;0.9655;1.0000;1.49;17.12;0.9947;1.0000;0.0000;0.0000;37.4773;661.9850;0.0000;68.4808;5.79;63.93
 KOMONDOR SIMULATION 'sim_input_nodes_3overlapWLANs_AM_ca2_loadB_400_loadAandC_150.csv' (seed 1992);4;4;9600;25600;9599603;25603852;149.99;103.11;0.9967;1.0000;1.57;21.32;0.9996;1.0000;0.0000;0.0000;33.3677;858.0459;0.0000;74.2254;9.09;63.94
 KOMONDOR SIMULATION 'sim_input_nodes_3overlapWLANs_AM_ca2_loadB_400_loadAandC_200.csv' (seed 1992);4;4;12800;25600;12803714;25595086;200.04;89.20;0.9997;1.0000;1.74;24.84;1.0000;1.0000;0.0000;0.0000;32.0443;1026.0089;0.0099;77.6960;13.24;63.94
 KOMONDOR SIMULATION 'sim_input_nodes_3overlapWLANs_AM_ca2_loadB_400_loadAandC_250.csv' (seed 1992);4;4;16000;25600;16000170;25593812;249.60;77.28;1.0000;1.0000;1.93;29.25;1.0000;1.0000;0.0000;0.0000;31.0991;1217.8496;0.1613;80.6746;18.35;63.94
 KOMONDOR SIMULATION 'sim_input_nodes_3overlapWLANs_AM_ca2_loadB_400_loadAandC_300.csv' (seed 1992);4;4;19200;25600;19196347;25605247;297.78;66.04;1.0000;1.0000;2.15;35.64;1.0000;1.0000;0.0000;0.0000;30.1657;1462.3857;0.7209;83.4923;24.59;63.94
 KOMONDOR SIMULATION 'sim_input_nodes_3overlapWLANs_AM_ca2_loadB_400_loadAandC_350.csv' (seed 1992);4;4;22400;25600;22400773;25607529;342.10;62.10;1.0000;1.0000;2.57;36.21;1.0000;1.0000;0.0000;0.0000;31.5625;1568.8999;2.2611;84.4782;32.91;63.94
 KOMONDOR SIMULATION 'sim_input_nodes_3overlapWLANs_AM_ca2_loadB_400_loadAandC_400.csv' (seed 1992);4;4;25600;25600;25601810;25601668;381.46;58.35;1.0000;1.0000;3.01;37.41;1.0000;1.0000;0.0000;0.0000;33.2387;1683.7037;4.6409;85.4128;43.06;63.93
 KOMONDOR SIMULATION 'sim_input_nodes_3overlapWLANs_AM_ca2_loadB_400_loadAandC_450.csv' (seed 1992);4;4;28800;25600;28797676;25594850;418.10;52.01;1.0000;1.0000;3.50;40.50;1.0000;1.0000;0.0000;0.0000;33.9448;1915.8991;7.0816;86.9948;55.29;63.94
 KOMONDOR SIMULATION 'sim_input_nodes_3overlapWLANs_AM_ca2_loadB_400_loadAandC_500.csv' (seed 1992);4;4;32000;25600;31999697;25606564;457.51;26.60;1.0000;1.0000;3.94;73.15;1.0000;1.0000;0.0000;0.0000;23.7772;3954.4917;8.4963;93.3514;63.65;63.94
 KOMONDOR SIMULATION 'sim_input_nodes_3overlapWLANs_AM_ca2_loadB_400_loadAandC_550.csv' (seed 1992);4;4;35200;25600;35204619;25604794;420.25;16.54;1.0000;1.0000;4.60;163.21;1.0000;1.0000;0.0000;0.0000;20.3100;5801.1133;23.5997;95.8644;64.00;63.97
 KOMONDOR SIMULATION 'sim_input_nodes_3overlapWLANs_AM_ca2_loadB_400_loadAandC_600.csv' (seed 1992);4;4;38400;25600;38409177;25600802;420.45;17.06;1.0000;1.0000;4.79;118.55;1.0000;1.0000;0.0000;0.0000;20.4768;5649.0556;29.9412;95.7342;64.00;63.96
 KOMONDOR SIMULATION 'sim_input_nodes_3overlapWLANs_AM_ca2_loadB_400_loadAandC_650.csv' (seed 1992);4;4;41600;25600;41600284;25604542;420.46;16.63;1.0000;1.0000;4.77;170.52;1.0000;1.0000;0.0000;0.0000;20.2383;5807.3862;35.3145;95.8437;64.00;63.96
 KOMONDOR SIMULATION 'sim_input_nodes_3overlapWLANs_AM_ca2_loadB_400_loadAandC_700.csv' (seed 1992);4;4;44800;25600;44798847;25600995;421.11;15.95;1.0000;1.0000;4.89;113.85;1.0000;1.0000;0.0000;0.0000;19.9430;6065.7386;39.8397;96.0127;64.00;63.97
 KOMONDOR SIMULATION 'sim_input_nodes_3overlapWLANs_AM_ca2_loadB_400_loadAandC_750.csv' (seed 1992);4;4;48000;25600;48007120;25607494;420.85;16.41;1.0000;1.0000;4.92;123.62;1.0000;1.0000;0.0000;0.0000;20.1836;5869.2646;43.8948;95.8982;64.00;63.96
 KOMONDOR SIMULATION 'sim_input_nodes_3overlapWLANs_AM_ca2_loadB_400_loadAandC_800.csv' (seed 1992);4;4;51200;25600;51207643;25611556;420.89;16.06;1.0000;1.0000;4.91;179.46;1.0000;1.0000;0.0000;0.0000;20.0016;6026.2047;47.3966;95.9851;64.00;63.96
 KOMONDOR SIMULATION 'sim_input_nodes_3overlapWLANs_AM_ca2_loadB_400_loadAandC_850.csv' (seed 1992);4;4;54400;25600;54403987;25602961;420.10;17.05;1.0000;1.0000;4.96;165.36;1.0000;1.0000;0.0000;0.0000;20.4811;5658.1342;50.5794;95.7367;64.00;63.95
 KOMONDOR SIMULATION 'sim_input_nodes_3overlapWLANs_AM_ca2_loadB_400_loadAandC_900.csv' (seed 1992);4;4;57600;25600;57600402;25603687;420.65;16.29;1.0000;1.0000;4.97;188.44;1.0000;1.0000;0.0000;0.0000;20.1209;5908.9515;53.2610;95.9287;64.00;63.95
 KOMONDOR SIMULATION 'sim_input_nodes_3overlapWLANs_AM_ca2_loadB_400_loadAandC_950.csv' (seed 1992);4;4;60800;25600;60803680;25602213;420.89;16.25;1.0000;1.0000;5.11;111.20;1.0000;1.0000;0.0000;0.0000;20.1377;5908.3016;55.6988;95.9362;64.00;63.95