 KOMONDOR SIMULATION 'sim_input_nodes_2overlapWLANs_cb0_loadA_100_loadB_001.csv' (seed 1991);0;0;6400;64;6398523;64172;99.98;1.00;0.9973;0.0069;2.41;0.65;0.9998;0.0397;0.0000;0.0000;12.2909;1686.7326
 KOMONDOR SIMULATION 'sim_input_nodes_2overlapWLANs_cb0_loadA_100_loadB_020.csv' (seed 1991);0;0;6400;1280;6398342;1279338;99.97;19.99;0.9968;0.2254;2.40;0.85;0.9998;0.6391;0.0000;0.0000;12.2911;54.6711
 KOMONDOR SIMULATION 'sim_input_nodes_2overlapWLANs_cb0_loadA_100_loadB_040.csv' (seed 1991);0;0;6400;2560;6396222;2560851;99.94;40.01;0.9982;0.5721;2.42;1.07;0.9999;0.9009;0.0000;0.0000;12.2974;21.0216
 KOMONDOR SIMULATION 'sim_input_nodes_2overlapWLANs_cb0_loadA_100_loadB_060.csv' (seed 1991);0;0;6400;3840;6396033;3839054;99.94;59.99;0.9986;0.8722;2.40;1.35;0.9999;0.9822;0.0000;0.0000;12.3033;14.0936
 KOMONDOR SIMULATION 'sim_input_nodes_2overlapWLANs_cb0_loadA_100_loadB_080.csv' (seed 1991);0;0;6400;5120;6397930;5117024;99.97;79.95;0.9986;0.9797;2.41;1.74;0.9999;0.9980;0.0000;0.0000;12.2988;12.5458
 KOMONDOR SIMULATION 'sim_input_nodes_2overlapWLANs_cb0_loadA_100_loadB_100.csv' (seed 1991);0;0;6400;6400;6399287;6396243;99.99;99.94;0.9983;0.9972;2.42;2.41;0.9999;0.9998;0.0000;0.0000;12.2921;12.2964
 KOMONDOR SIMULATION 'sim_input_nodes_2overlapWLANs_cb0_loadA_100_loadB_120.csv' (seed 1991);0;0;6400;7680;6399470;7676180;99.99;119.94;0.9982;1.0000;2.41;3.88;0.9999;1.0000;0.0000;0.0000;12.2947;12.2690
 KOMONDOR SIMULATION 'sim_input_nodes_2overlapWLANs_cb0_loadA_100_loadB_140.csv' (seed 1991);0;0;6400;8960;6398679;8956607;99.98;136.41;0.9984;1.0000;2.40;7.29;0.9999;1.0000;0.0000;0.0000;12.2930;12.2553
 KOMONDOR SIMULATION 'sim_input_nodes_2overlapWLANs_cb0_loadA_100_loadB_160.csv' (seed 1991);0;0;6400;10240;6398508;10238354;99.98;139.25;0.9980;1.0000;2.43;8.55;0.9999;1.0000;0.0000;0.0000;12.2976;12.2781
 KOMONDOR SIMULATION 'sim_input_nodes_2overlapWLANs_cb0_loadA_100_loadB_180.csv' (seed 1991);0;0;6400;11520;6398332;11519390;99.97;139.52;0.9992;1.0000;2.42;8.92;0.9999;1.0000;0.0000;0.0000;12.3045;12.2643
 KOMONDOR SIMULATION 'sim_input_nodes_2overlapWLANs_cb0_loadA_100_loadB_200.csv' (seed 1991);0;0;6400;12800;6401972;12794931;100.03;139.57;0.9978;1.0000;2.41;9.14;0.9998;1.0000;0.0000;0.0000;12.3016;12.2805
 KOMONDOR SIMULATION 'sim_input_nodes_2overlapWLANs_cb0_loadA_100_loadB_220.csv' (seed 1991);0;0;6400;14080;6396989;14079925;99.95;139.60;0.9981;1.0000;2.42;9.32;0.9999;1.0000;0.0000;0.0000;12.2901;12.2863
 KOMONDOR SIMULATION 'sim_input_nodes_2overlapWLANs_cb0_loadA_100_loadB_240.csv' (seed 1991);0;0;6400;15360;6398486;15360007;99.98;139.62;0.9977;1.0000;2.42;9.48;0.9998;1.0000;0.0000;0.0000;12.3011;12.2807
 KOMONDOR SIMULATION 'sim_input_nodes_2overlapWLANs_cb0_loadA_100_loadB_260.csv' (seed 1991);0;0;6400;16640;6401758;16637982;100.03;139.64;0.9991;1.0000;2.43;9.60;0.9999;1.0000;0.0000;0.0000;12.2981;12.2579
 KOMONDOR SIMULATION 'sim_input_nodes_2overlapWLANs_cb0_loadA_100_loadB_280.csv' (seed 1991);0;0;6400;17920;6398355;17920986;99.97;139.66;0.9990;1.0000;2.40;9.70;0.9999;1.0000;0.0000;0.0000;12.2948;12.2767
 KOMONDOR SIMULATION 'sim_input_nodes_2overlapWLANs_cb0_loadA_100_loadB_300.csv' (seed 1991);0;0;6400;19200;6402717;19193541;100.04;139.68;0.9990;1.0000;2.42;9.79;0.9999;1.0000;0.0000;0.0000;12.2954;12.2686
 KOMONDOR SIMULATION 'sim_input_nodes_2overlapWLANs_cb2_loadA_100_loadB_001.csv' (seed 1991);2;2;6400;64;6398523;64172;99.98;1.00;0.9764;0.0328;1.19;1.06;0.9967;0.0636;0.0036;0.0659;15.4920;1623.0121
 KOMONDOR SIMULATION 'sim_input_nodes_2overlapWLANs_cb2_loadA_100_loadB_020.csv' (seed 1991);2;2;6400;1280;6398342;1279338;99.97;19.99;0.9957;0.6668;1.85;1.56;0.9991;0.7962;0.0764;0.0940;59.9973;134.0567
 KOMONDOR SIMULATION 'sim_input_nodes_2overlapWLANs_cb2_loadA_100_loadB_040.csv' (seed 1991);2;2;6400;2560;6396222;2560851;99.94;40.01;0.9982;0.9027;2.18;1.93;0.9996;0.9595;0.1055;0.1085;80.3164;120.6066
 KOMONDOR SIMULATION 'sim_input_nodes_2overlapWLANs_cb2_loadA_100_loadB_060.csv' (seed 1991);2;2;6400;3840;6396033;3839054;99.94;59.98;0.9991;0.9749;2.49;2.28;0.9998;0.9927;0.1147;0.1149;98.0755;125.4787
 KOMONDOR SIMULATION 'sim_input_nodes_2overlapWLANs_cb2_loadA_100_loadB_080.csv' (seed 1991);2;2;6400;5120;6397930;5117024;99.97;79.95;0.9990;0.9951;2.84;2.73;0.9999;0.9990;0.1163;0.1164;119.9440;135.8028
 KOMONDOR SIMULATION 'sim_input_nodes_2overlapWLANs_cb2_loadA_100_loadB_100.csv' (seed 1991);2;2;6400;6400;6399287;6396243;99.99;99.94;0.9993;0.9990;3.31;3.32;0.9999;0.9998;0.1179;0.1179;149.9013;150.0214
 KOMONDOR SIMULATION 'sim_input_nodes_2overlapWLANs_cb2_loadA_100_loadB_120.csv' (seed 1991);2;2;6400;7680;6399470;7676180;99.99;119.91;0.9994;1.0000;4.03;4.15;0.9999;1.0000;0.1181;0.1178;193.9000;170.5833
 KOMONDOR SIMULATION 'sim_input_nodes_2overlapWLANs_cb2_loadA_100_loadB_140.csv' (seed 1991);2;2;6400;8960;6398679;8956607;99.94;138.31;0.9996;1.0000;5.02;5.38;1.0000;1.0000;0.1176;0.1176;255.5178;200.6064
 KOMONDOR SIMULATION 'sim_input_nodes_2overlapWLANs_cb2_loadA_100_loadB_160.csv' (seed 1991);2;2;6400;10240;6398508;10238354;99.74;148.24;0.9997;1.0000;5.88;6.44;1.0000;1.0000;0.1171;0.1171;304.0464;223.3022
 KOMONDOR SIMULATION 'sim_input_nodes_2overlapWLANs_cb2_loadA_100_loadB_180.csv' (seed 1991);2;2;6400;11520;6398332;11519390;99.56;151.26;0.9997;1.0000;6.16;6.99;1.0000;1.0000;0.1172;0.1174;320.8452;231.2566
 KOMONDOR SIMULATION 'sim_input_nodes_2overlapWLANs_cb2_loadA_100_loadB_200.csv' (seed 1991);2;2;6400;12800;6401972;12794931;99.42;152.29;0.9998;1.0000;6.25;7.37;1.0000;1.0000;0.1179;0.1179;327.0063;233.3113
 KOMONDOR SIMULATION 'sim_input_nodes_2overlapWLANs_cb2_loadA_100_loadB_220.csv' (seed 1991);2;2;6400;14080;6396989;14079925;99.25;152.85;0.9995;1.0000;6.34;7.62;1.0000;1.0000;0.1174;0.1177;329.3397;234.6812
 KOMONDOR SIMULATION 'sim_input_nodes_2overlapWLANs_cb2_loadA_100_loadB_240.csv' (seed 1991);2;2;6400;15360;6398486;15360007;99.13;153.25;0.9995;1.0000;6.35;7.90;1.0000;1.0000;0.1173;0.1176;331.2236;235.4137
 KOMONDOR SIMULATION 'sim_input_nodes_2overlapWLANs_cb2_loadA_100_loadB_260.csv' (seed 1991);2;2;6400;16640;6401758;16637982;99.02;153.61;0.9997;1.0000;6.42;8.11;1.0000;1.0000;0.1177;0.1178;333.3602;235.6039
 KOMONDOR SIMULATION 'sim_input_nodes_2overlapWLANs_cb2_loadA_100_loadB_280.csv' (seed 1991);2;2;6400;17920;6398355;17920986;98.83;154.00;0.9998;1.0000;6.39;8.27;1.0000;1.0000;0.1180;0.1179;335.4082;235.6144
 KOMONDOR SIMULATION 'sim_input_nodes_2overlapWLANs_cb2_loadA_100_loadB_300.csv' (seed 1991);2;2;6400;19200;6402717;19193541;98.76;154.26;0.9998;1.0000;6.40;8.40;1.0000;1.0000;0.1182;0.1180;336.9187;236.0101
 KOMONDOR SIMULATION 'sim_input_nodes_2overlapWLANs_cb4_loadA_100_loadB_001.csv' (seed 1991);4;4;6400;64;6398523;64172;99.98;1.00;0.9764;0.0328;1.19;1.06;0.9967;0.0636;0.0036;0.0659;15.4920;1623.0121
 KOMONDOR SIMULATION 'sim_input_nodes_2overlapWLANs_cb4_loadA_100_loadB_020.csv' (seed 1991);4;4;6400;1280;6398342;1279338;99.97;19.99;0.9957;0.6668;1.85;1.56;0.9991;0.7962;0.0764;0.0940;59.9973;134.0567
 KOMONDOR SIMULATION 'sim_input_nodes_2overlapWLANs_cb4_loadA_100_loadB_040.csv' (seed 1991);4;4;6400;2560;6396222;2560851;99.94;40.01;0.9982;0.9027;2.18;1.93;0.9996;0.9595;0.1055;0.1085;80.3164;120.6066
 KOMONDOR SIMULATION 'sim_input_nodes_2overlapWLANs_cb4_loadA_100_loadB_060.csv' (seed 1991);4;4;6400;3840;6396033;3839054;99.94;59.98;0.9991;0.9749;2.49;2.28;0.9998;0.9927;0.1147;0.1149;98.0755;125.4787
 KOMONDOR SIMULATION 'sim_input_nodes_2overlapWLANs_cb4_loadA_100_loadB_080.csv' (seed 1991);4;4;6400;5120;6397930;5117024;99.97;79.95;0.9990;0.9951;2.84;2.73;0.9999;0.9990;0.1163;0.1164;119.9440;135.8028
 KOMONDOR SIMULATION 'sim_input_nodes_2overlapWLANs_cb4_loadA_100_loadB_100.csv' (seed 1991);4;4;6400;6400;6399287;6396243;99.99;99.94;0.9993;0.9990;3.31;3.32;0.9999;0.9998;0.1179;0.1179;149.9013;150.0214
 KOMONDOR SIMULATION 'sim_input_nodes_2overlapWLANs_cb4_loadA_100_loadB_120.csv' (seed 1991);4;4;6400;7680;6399470;7676180;99.99;119.91;0.9994;1.0000;4.03;4.15;0.9999;1.0000;0.1181;0.1178;193.9000;170.5833
 KOMONDOR SIMULATION 'sim_input_nodes_2overlapWLANs_cb4_loadA_100_loadB_140.csv' (seed 1991);4;4;6400;8960;6398679;8956607;99.94;138.31;0.9996;1.0000;5.02;5.38;1.0000;1.0000;0.1176;0.1176;255.5178;200.6064
 KOMONDOR SIMULATION 'sim_input_nodes_2overlapWLANs_cb4_loadA_100_loadB_160.csv' (seed 1991);4;4;6400;10240;6398508;10238354;99.74;148.24;0.9997;1.0000;5.88;6.44;1.0000;1.0000;0.1171;0.1171;304.0464;223.3022
 KOMONDOR SIMULATION 'sim_input_nodes_2overlapWLANs_cb4_loadA_100_loadB_180.csv' (seed 1991);4;4;6400;11520;6398332;11519390;99.56;151.26;0.9997;1.0000;6.16;6.99;1.0000;1.0000;0.1172;0.1174;320.8452;231.2566
 KOMONDOR SIMULATION 'sim_input_nodes_2overlapWLANs_cb4_loadA_100_loadB_200.csv' (seed 1991);4;4;6400;12800;6401972;12794931;99.42;152.29;0.9998;1.0000;6.25;7.37;1.0000;1.0000;0.1179;0.1179;327.0063;233.3113
 KOMONDOR SIMULATION 'sim_input_nodes_2overlapWLANs_cb4_loadA_100_loadB_220.csv' (seed 1991);4;4;6400;14080;6396989;14079925;99.25;152.85;0.9995;1.0000;6.34;7.62;1.0000;1.0000;0.1174;0.1177;329.3397;234.6812
 KOMONDOR SIMULATION 'sim_input_nodes_2overlapWLANs_cb4_loadA_100_loadB_240.csv' (seed 1991);4;4;6400;15360;6398486;15360007;99.13;153.25;0.9995;1.0000;6.35;7.90;1.0000;1.0000;0.1173;0.1176;331.2236;235.4137
 KOMONDOR SIMULATION 'sim_input_nodes_2overlapWLANs_cb4_loadA_100_loadB_260.csv' (seed 1991);4;4;6400;16640;6401758;16637982;99.02;153.61;0.9997;1.0000;6.42;8.11;1.0000;1.0000;0.1177;0.1178;333.3602;235.6039
 KOMONDOR SIMULATION 'sim_input_nodes_2overlapWLANs_cb4_loadA_100_loadB_280.csv' (seed 1991);4;4;6400;17920;6398355;17920986;98.83;154.00;0.9998;1.0000;6.39;8.27;1.0000;1.0000;0.1180;0.1179;335.4082;235.6144
 KOMONDOR SIMULATION 'sim_input_nodes_2overlapWLANs_cb4_loadA_100_loadB_300.csv' (seed 1991);4;4;6400;19200;6402717;19193541;98.76;154.26;0.9998;1.0000;6.40;8.40;1.0000;1.0000;0.1182;0.1180;336.9187;236.0101
 KOMONDOR SIMULATION 'sim_input_nodes_2overlapWLANs_cb6_loadA_100_loadB_001.csv' (seed 1991);6;6;6400;64;6398523;64172;99.98;1.00;0.9865;0.0069;1.67;0.80;0.9986;0.0485;0.0014;0.0198;13.1595;1671.0751
 KOMONDOR SIMULATION 'sim_input_nodes_2overlapWLANs_cb6_loadA_100_loadB_020.csv' (seed 1991);6;6;6400;1280;6398342;1279338;99.97;19.99;0.9938;0.2723;2.09;1.02;0.9994;0.6828;0.0128;0.0112;18.7240;67.4338
 KOMONDOR SIMULATION 'sim_input_nodes_2overlapWLANs_cb6_loadA_100_loadB_040.csv' (seed 1991);6;6;6400;2560;6396222;2560851;99.94;40.01;0.9981;0.6124;2.33;1.19;0.9998;0.9112;0.0109;0.0067;19.2859;28.9764
 KOMONDOR SIMULATION 'sim_input_nodes_2overlapWLANs_cb6_loadA_100_loadB_060.csv' (seed 1991);6;6;6400;3840;6396033;3839054;99.94;59.99;0.9984;0.8874;2.41;1.46;0.9999;0.9837;0.0089;0.0056;19.0551;20.4464
 KOMONDOR SIMULATION 'sim_input_nodes_2overlapWLANs_cb6_loadA_100_loadB_080.csv' (seed 1991);6;6;6400;5120;6397930;5117024;99.97;79.95;0.9988;0.9815;2.46;1.85;0.9999;0.9981;0.0070;0.0053;18.6486;18.4015
 KOMONDOR SIMULATION 'sim_input_nodes_2overlapWLANs_cb6_loadA_100_loadB_100.csv' (seed 1991);6;6;6400;6400;6399287;6396243;99.99;99.94;0.9978;0.9969;2.55;2.51;0.9998;0.9998;0.0053;0.0053;18.1690;18.1998
 KOMONDOR SIMULATION 'sim_input_nodes_2overlapWLANs_cb6_loadA_100_loadB_120.csv' (seed 1991);6;6;6400;7680;6399470;7676180;99.99;119.93;0.9983;1.0000;2.55;3.92;0.9999;1.0000;0.0035;0.0053;17.7997;18.6226
 KOMONDOR SIMULATION 'sim_input_nodes_2overlapWLANs_cb6_loadA_100_loadB_140.csv' (seed 1991);6;6;6400;8960;6398679;8956607;99.98;136.58;0.9981;1.0000;2.57;7.00;0.9999;1.0000;0.0019;0.0053;17.2424;19.3493
 KOMONDOR SIMULATION 'sim_input_nodes_2overlapWLANs_cb6_loadA_100_loadB_160.csv' (seed 1991);6;6;6400;10240;6398508;10238354;99.97;140.32;0.9986;1.0000;2.72;8.22;0.9999;1.0000;0.0016;0.0051;17.2482;19.7885
 KOMONDOR SIMULATION 'sim_input_nodes_2overlapWLANs_cb6_loadA_100_loadB_180.csv' (seed 1991);6;6;6400;11520;6398332;11519390;99.96;140.89;0.9990;1.0000;2.68;8.69;0.9999;1.0000;0.0016;0.0056;17.3340;19.9462
 KOMONDOR SIMULATION 'sim_input_nodes_2overlapWLANs_cb6_loadA_100_loadB_200.csv' (seed 1991);6;6;6400;12800;6401972;12794931;100.01;141.11;0.9983;1.0000;2.66;8.95;0.9999;1.0000;0.0016;0.0056;17.4037;19.8771
 KOMONDOR SIMULATION 'sim_input_nodes_2overlapWLANs_cb6_loadA_100_loadB_220.csv' (seed 1991);6;6;6400;14080;6396989;14079925;99.93;141.18;0.9983;1.0000;2.64;9.17;0.9999;1.0000;0.0015;0.0053;17.3478;19.8924
 KOMONDOR SIMULATION 'sim_input_nodes_2overlapWLANs_cb6_loadA_100_loadB_240.csv' (seed 1991);6;6;6400;15360;6398486;15360007;99.95;141.34;0.9990;1.0000;2.73;9.26;0.9999;1.0000;0.0016;0.0054;17.6048;20.0951
 KOMONDOR SIMULATION 'sim_input_nodes_2overlapWLANs_cb6_loadA_100_loadB_260.csv' (seed 1991);6;6;6400;16640;6401758;16637982;100.00;141.30;0.9992;1.0000;2.69;9.43;0.9999;1.0000;0.0016;0.0055;17.3873;19.8801
 KOMONDOR SIMULATION 'sim_input_nodes_2overlapWLANs_cb6_loadA_100_loadB_280.csv' (seed 1991);6;6;6400;17920;6398355;17920986;99.94;141.32;0.9991;1.0000;2.63;9.57;0.9999;1.0000;0.0016;0.0055;17.3391;19.8453
 KOMONDOR SIMULATION 'sim_input_nodes_2overlapWLANs_cb6_loadA_100_loadB_300.csv' (seed 1991);6;6;6400;19200;6402717;19193541;100.01;141.40;0.9985;1.0000;2.67;9.64;0.9999;1.0000;0.0016;0.0056;17.4538;19.9505
