 KOMONDOR SIMULATION 'sim_input_nodes_2overlapWLANs_cb0_loadA_100_loadB_001.csv' (seed 1991);0;0;6400;64;6398523;64172;99.98;1.00;0.9973;0.0069;2.41;0.65;0.9998;0.0397;0.0000;0.0000;12.2909;1686.7326;0.0000;0.0000;9.78;1.01
 KOMONDOR SIMULATION 'sim_input_nodes_2overlapWLANs_cb0_loadA_100_loadB_020.csv' (seed 1991);0;0;6400;1280;6398342;1279338;99.97;19.99;0.9968;0.2254;2.40;0.85;0.9998;0.6391;0.0000;0.0000;12.2911;54.6711;0.0000;0.0000;9.78;1.35
 KOMONDOR SIMULATION 'sim_input_nodes_2overlapWLANs_cb0_loadA_100_loadB_040.csv' (seed 1991);0;0;6400;2560;6396222;2560851;99.94;40.01;0.9982;0.5721;2.42;1.07;0.9999;0.9009;0.0000;0.0000;12.2974;21.0216;0.0000;0.0000;9.77;2.13
 KOMONDOR SIMULATION 'sim_input_nodes_2overlapWLANs_cb0_loadA_100_loadB_060.csv' (seed 1991);0;0;6400;3840;6396033;3839054;99.94;59.99;0.9986;0.8722;2.40;1.35;0.9999;0.9822;0.0000;0.0000;12.3033;14.0936;0.0000;0.0000;9.77;3.48
 KOMONDOR SIMULATION 'sim_input_nodes_2overlapWLANs_cb0_loadA_100_loadB_080.csv' (seed 1991);0;0;6400;5120;6397930;5117024;99.97;79.95;0.9986;0.9797;2.41;1.74;0.9999;0.9980;0.0000;0.0000;12.2988;12.5458;0.0000;0.0000;9.78;5.73
 KOMONDOR SIMULATION 'sim_input_nodes_2overlapWLANs_cb0_loadA_100_loadB_100.csv' (seed 1991);0;0;6400;6400;6399287;6396243;99.99;99.94;0.9983;0.9972;2.42;2.41;0.9999;0.9998;0.0000;0.0000;12.2921;12.2964;0.0000;0.0000;9.78;9.77
 KOMONDOR SIMULATION 'sim_input_nodes_2overlapWLANs_cb0_loadA_100_loadB_120.csv' (seed 1991);0;0;6400;7680;6399470;7676180;99.99;119.94;0.9982;1.0000;2.41;3.88;0.9999;1.0000;0.0000;0.0000;12.3055;12.2786;0.0000;0.0000;9.78;18.56
 KOMONDOR SIMULATION 'sim_input_nodes_2overlapWLANs_cb0_loadA_100_loadB_140.csv' (seed 1991);0;0;6400;8960;6398679;8956607;99.98;139.42;0.9983;1.0000;2.40;9.50;0.9999;1.0000;0.0000;0.0000;12.2961;12.2742;0.0000;0.3723;9.78;50.04
 KOMONDOR SIMULATION 'sim_input_nodes_2overlapWLANs_cb0_loadA_100_loadB_160.csv' (seed 1991);0;0;6400;10240;6398508;10238354;99.98;142.40;0.9980;1.0000;2.44;13.19;0.9999;1.0000;0.0000;0.0000;12.3019;12.2843;0.0000;10.9870;9.78;63.99
 KOMONDOR SIMULATION 'sim_input_nodes_2overlapWLANs_cb0_loadA_100_loadB_180.csv' (seed 1991);0;0;6400;11520;6398332;11519390;99.97;142.40;0.9986;1.0000;2.43;13.63;0.9999;1.0000;0.0000;0.0000;12.2906;12.2900;0.0000;20.8856;9.78;64.00
 KOMONDOR SIMULATION 'sim_input_nodes_2overlapWLANs_cb0_loadA_100_loadB_200.csv' (seed 1991);0;0;6400;12800;6401972;12794931;100.03;142.40;0.9978;1.0000;2.41;13.91;0.9998;1.0000;0.0000;0.0000;12.3097;12.2564;0.0000;28.7695;9.80;64.00
 KOMONDOR SIMULATION 'sim_input_nodes_2overlapWLANs_cb0_loadA_100_loadB_220.csv' (seed 1991);0;0;6400;14080;6396989;14079925;99.95;142.40;0.9975;1.0000;2.42;14.15;0.9998;1.0000;0.0000;0.0000;12.3020;12.2750;0.0000;35.2719;9.77;64.00
 KOMONDOR SIMULATION 'sim_input_nodes_2overlapWLANs_cb0_loadA_100_loadB_240.csv' (seed 1991);0;0;6400;15360;6398486;15360007;99.98;142.40;0.9983;1.0000;2.42;14.35;0.9999;1.0000;0.0000;0.0000;12.3054;12.2780;0.0000;40.6665;9.78;64.00
 KOMONDOR SIMULATION 'sim_input_nodes_2overlapWLANs_cb0_loadA_100_loadB_260.csv' (seed 1991);0;0;6400;16640;6401758;16637982;100.03;142.40;0.9989;1.0000;2.43;14.50;0.9999;1.0000;0.0000;0.0000;12.2996;12.2853;0.0000;45.2242;9.79;64.00
 KOMONDOR SIMULATION 'sim_input_nodes_2overlapWLANs_cb0_loadA_100_loadB_280.csv' (seed 1991);0;0;6400;17920;6398355;17920986;99.97;142.40;0.9985;1.0000;2.41;14.64;0.9999;1.0000;0.0000;0.0000;12.2943;12.2779;0.0000;49.1454;9.78;64.00
 KOMONDOR SIMULATION 'sim_input_nodes_2overlapWLANs_cb0_loadA_100_loadB_300.csv' (seed 1991);0;0;6400;19200;6402717;19193541;100.04;142.40;0.9984;1.0000;2.42;14.75;0.9999;1.0000;0.0000;0.0000;12.2927;12.2662;0.0000;52.5163;9.80;64.00
 KOMONDOR SIMULATION 'sim_input_nodes_2overlapWLANs_cb2_loadA_100_loadB_001.csv' (seed 1991);2;2;6400;64;6398523;64172;99.98;1.00;0.9769;0.0237;1.19;0.93;0.9967;0.0565;0.0000;0.0000;15.3175;1728.9286;0.0000;0.0000;5.33;1.03
 KOMONDOR SIMULATION 'sim_input_nodes_2overlapWLANs_cb2_loadA_100_loadB_020.csv' (seed 1991);2;2;6400;1280;6398342;1279338;99.97;19.99;0.9946;0.6353;1.77;1.44;0.9989;0.7795;0.0000;0.0000;58.2776;137.2880;0.0000;0.0000;8.99;2.27
 KOMONDOR SIMULATION 'sim_input_nodes_2overlapWLANs_cb2_loadA_100_loadB_040.csv' (seed 1991);2;2;6400;2560;6396222;2560851;99.94;40.01;0.9981;0.8838;2.04;1.76;0.9996;0.9518;0.0000;0.0000;78.4135;120.1785;0.0000;0.0000;10.70;4.43
 KOMONDOR SIMULATION 'sim_input_nodes_2overlapWLANs_cb2_loadA_100_loadB_060.csv' (seed 1991);2;2;6400;3840;6396033;3839054;99.94;59.99;0.9980;0.9729;2.28;2.09;0.9996;0.9919;0.0000;0.0000;95.2911;123.1330;0.0000;0.0000;12.14;7.31
 KOMONDOR SIMULATION 'sim_input_nodes_2overlapWLANs_cb2_loadA_100_loadB_080.csv' (seed 1991);2;2;6400;5120;6397930;5117024;99.97;79.95;0.9983;0.9937;2.57;2.48;0.9997;0.9985;0.0000;0.0000;115.4997;131.3086;0.0000;0.0000;13.87;11.10
 KOMONDOR SIMULATION 'sim_input_nodes_2overlapWLANs_cb2_loadA_100_loadB_100.csv' (seed 1991);2;2;6400;6400;6399287;6396243;99.99;99.94;0.9993;0.9990;2.98;2.99;0.9999;0.9999;0.0000;0.0000;142.6437;143.0390;0.0000;0.0000;16.18;16.21
 KOMONDOR SIMULATION 'sim_input_nodes_2overlapWLANs_cb2_loadA_100_loadB_120.csv' (seed 1991);2;2;6400;7680;6399470;7676180;99.99;119.94;0.9994;0.9999;3.50;3.64;0.9999;1.0000;0.0000;0.0000;181.0675;159.6727;0.0000;0.0000;19.46;23.39
 KOMONDOR SIMULATION 'sim_input_nodes_2overlapWLANs_cb2_loadA_100_loadB_140.csv' (seed 1991);2;2;6400;8960;6398679;8956607;99.98;139.94;0.9996;1.0000;4.40;4.76;1.0000;1.0000;0.0000;0.0000;240.0204;185.2471;0.0000;0.0014;24.48;34.31
 KOMONDOR SIMULATION 'sim_input_nodes_2overlapWLANs_cb2_loadA_100_loadB_160.csv' (seed 1991);2;2;6400;10240;6398508;10238354;99.97;159.00;1.0000;1.0000;5.91;7.09;1.0000;1.0000;0.0000;0.0000;329.9899;222.6184;0.0015;0.6113;32.14;50.99
 KOMONDOR SIMULATION 'sim_input_nodes_2overlapWLANs_cb2_loadA_100_loadB_180.csv' (seed 1991);2;2;6400;11520;6398332;11519390;99.94;167.26;0.9999;1.0000;6.84;9.36;1.0000;1.0000;0.0000;0.0000;381.4396;242.8429;0.0342;7.0697;36.51;61.00
 KOMONDOR SIMULATION 'sim_input_nodes_2overlapWLANs_cb2_loadA_100_loadB_200.csv' (seed 1991);2;2;6400;12800;6401972;12794931;99.95;168.83;0.9998;1.0000;7.07;10.42;1.0000;1.0000;0.0000;0.0000;392.4259;246.7346;0.0852;15.5525;37.44;63.08
 KOMONDOR SIMULATION 'sim_input_nodes_2overlapWLANs_cb2_loadA_100_loadB_220.csv' (seed 1991);2;2;6400;14080;6396989;14079925;99.85;169.43;0.9997;1.0000;7.05;11.09;1.0000;1.0000;0.0000;0.0000;394.2171;247.2129;0.1002;22.9858;37.54;63.68
 KOMONDOR SIMULATION 'sim_input_nodes_2overlapWLANs_cb2_loadA_100_loadB_240.csv' (seed 1991);2;2;6400;15360;6398486;15360007;99.85;169.52;0.9998;1.0000;7.16;11.42;1.0000;1.0000;0.0000;0.0000;395.1077;247.8820;0.1218;29.3645;37.62;63.91
 KOMONDOR SIMULATION 'sim_input_nodes_2overlapWLANs_cb2_loadA_100_loadB_260.csv' (seed 1991);2;2;6400;16640;6401758;16637982;99.89;169.78;0.9999;1.0000;7.04;11.71;1.0000;1.0000;0.0000;0.0000;395.6529;247.2566;0.1407;34.6919;37.68;63.98
 KOMONDOR SIMULATION 'sim_input_nodes_2overlapWLANs_cb2_loadA_100_loadB_280.csv' (seed 1991);2;2;6400;17920;6398355;17920986;99.85;169.66;0.9999;1.0000;7.13;11.86;1.0000;1.0000;0.0000;0.0000;394.7923;247.7857;0.1287;39.4105;37.59;64.00
 KOMONDOR SIMULATION 'sim_input_nodes_2overlapWLANs_cb2_loadA_100_loadB_300.csv' (seed 1991);2;2;6400;19200;6402717;19193541;99.90;169.64;0.9996;1.0000;7.25;12.12;1.0000;1.0000;0.0000;0.0000;395.8499;247.8565;0.1388;43.4327;37.71;64.00
 KOMONDOR SIMULATION 'sim_input_nodes_2overlapWLANs_cb4_loadA_100_loadB_001.csv' (seed 1991);4;4;6400;64;6398523;64172;99.98;1.00;0.9769;0.0237;1.19;0.93;0.9967;0.0565;0.0000;0.0000;15.3175;1728.9286;0.0000;0.0000;5.33;1.03
 KOMONDOR SIMULATION 'sim_input_nodes_2overlapWLANs_cb4_loadA_100_loadB_020.csv' (seed 1991);4;4;6400;1280;6398342;1279338;99.97;19.99;0.9946;0.6353;1.77;1.44;0.9989;0.7795;0.0000;0.0000;58.2776;137.2880;0.0000;0.0000;8.99;2.27
 KOMONDOR SIMULATION 'sim_input_nodes_2overlapWLANs_cb4_loadA_100_loadB_040.csv' (seed 1991);4;4;6400;2560;6396222;2560851;99.94;40.01;0.9981;0.8838;2.04;1.76;0.9996;0.9518;0.0000;0.0000;78.4135;120.1785;0.0000;0.0000;10.70;4.43
 KOMONDOR SIMULATION 'sim_input_nodes_2overlapWLANs_cb4_loadA_100_loadB_060.csv' (seed 1991);4;4;6400;3840;6396033;3839054;99.94;59.99;0.9980;0.9729;2.28;2.09;0.9996;0.9919;0.0000;0.0000;95.2911;123.1330;0.0000;0.0000;12.14;7.31
 KOMONDOR SIMULATION 'sim_input_nodes_2overlapWLANs_cb4_loadA_100_loadB_080.csv' (seed 1991);4;4;6400;5120;6397930;5117024;99.97;79.95;0.9983;0.9937;2.57;2.48;0.9997;0.9985;0.0000;0.0000;115.4997;131.3086;0.0000;0.0000;13.87;11.10
 KOMONDOR SIMULATION 'sim_input_nodes_2overlapWLANs_cb4_loadA_100_loadB_100.csv' (seed 1991);4;4;6400;6400;6399287;6396243;99.99;99.94;0.9993;0.9990;2.98;2.99;0.9999;0.9999;0.0000;0.0000;142.6437;143.0390;0.0000;0.0000;16.18;16.21
 KOMONDOR SIMULATION 'sim_input_nodes_2overlapWLANs_cb4_loadA_100_loadB_120.csv' (seed 1991);4;4;6400;7680;6399470;7676180;99.99;119.94;0.9994;0.9999;3.50;3.64;0.9999;1.0000;0.0000;0.0000;181.0675;159.6727;0.0000;0.0000;19.46;23.39
 KOMONDOR SIMULATION 'sim_input_nodes_2overlapWLANs_cb4_loadA_100_loadB_140.csv' (seed 1991);4;4;6400;8960;6398679;8956607;99.98;139.94;0.9996;1.0000;4.40;4.76;1.0000;1.0000;0.0000;0.0000;240.0204;185.2471;0.0000;0.0014;24.48;34.31
 KOMONDOR SIMULATION 'sim_input_nodes_2overlapWLANs_cb4_loadA_100_loadB_160.csv' (seed 1991);4;4;6400;10240;6398508;10238354;99.97;159.00;1.0000;1.0000;5.91;7.09;1.0000;1.0000;0.0000;0.0000;329.9899;222.6184;0.0015;0.6113;32.14;50.99
 KOMONDOR SIMULATION 'sim_input_nodes_2overlapWLANs_cb4_loadA_100_loadB_180.csv' (seed 1991);4;4;6400;11520;6398332;11519390;99.94;167.26;0.9999;1.0000;6.84;9.36;1.0000;1.0000;0.0000;0.0000;381.4396;242.8429;0.0342;7.0697;36.51;61.00
 KOMONDOR SIMULATION 'sim_input_nodes_2overlapWLANs_cb4_loadA_100_loadB_200.csv' (seed 1991);4;4;6400;12800;6401972;12794931;99.95;168.83;0.9998;1.0000;7.07;10.42;1.0000;1.0000;0.0000;0.0000;392.4259;246.7346;0.0852;15.5525;37.44;63.08
 KOMONDOR SIMULATION 'sim_input_nodes_2overlapWLANs_cb4_loadA_100_loadB_220.csv' (seed 1991);4;4;6400;14080;6396989;14079925;99.85;169.43;0.9997;1.0000;7.05;11.09;1.0000;1.0000;0.0000;0.0000;394.2171;247.2129;0.1002;22.9858;37.54;63.68
 KOMONDOR SIMULATION 'sim_input_nodes_2overlapWLANs_cb4_loadA_100_loadB_240.csv' (seed 1991);4;4;6400;15360;6398486;15360007;99.85;169.52;0.9998;1.0000;7.16;11.42;1.0000;1.0000;0.0000;0.0000;395.1077;247.8820;0.1218;29.3645;37.62;63.91
 KOMONDOR SIMULATION 'sim_input_nodes_2overlapWLANs_cb4_loadA_100_loadB_260.csv' (seed 1991);4;4;6400;16640;6401758;16637982;99.89;169.78;0.9999;1.0000;7.04;11.71;1.0000;1.0000;0.0000;0.0000;395.6529;247.2566;0.1407;34.6919;37.68;63.98
 KOMONDOR SIMULATION 'sim_input_nodes_2overlapWLANs_cb4_loadA_100_loadB_280.csv' (seed 1991);4;4;6400;17920;6398355;17920986;99.85;169.66;0.9999;1.0000;7.13;11.86;1.0000;1.0000;0.0000;0.0000;394.7923;247.7857;0.1287;39.4105;37.59;64.00
 KOMONDOR SIMULATION 'sim_input_nodes_2overlapWLANs_cb4_loadA_100_loadB_300.csv' (seed 1991);4;4;6400;19200;6402717;19193541;99.90;169.64;0.9996;1.0000;7.25;12.12;1.0000;1.0000;0.0000;0.0000;395.8499;247.8565;0.1388;43.4327;37.71;64.00
 KOMONDOR SIMULATION 'sim_input_nodes_2overlapWLANs_cb6_loadA_100_loadB_001.csv' (seed 1991);6;6;6400;64;6398523;64172;99.98;1.00;0.9873;0.0068;1.66;0.80;0.9987;0.0488;0.0000;0.0000;13.1372;1701.8406;0.0000;0.0000;6.84;1.02
 KOMONDOR SIMULATION 'sim_input_nodes_2overlapWLANs_cb6_loadA_100_loadB_020.csv' (seed 1991);6;6;6400;1280;6398342;1279338;99.97;19.99;0.9936;0.2699;2.08;1.01;0.9993;0.6798;0.0000;0.0000;18.5281;67.9024;0.0000;0.0000;8.63;1.51
 KOMONDOR SIMULATION 'sim_input_nodes_2overlapWLANs_cb6_loadA_100_loadB_040.csv' (seed 1991);6;6;6400;2560;6396222;2560851;99.94;40.01;0.9980;0.6161;2.30;1.19;0.9998;0.9119;0.0000;0.0000;19.1261;29.0900;0.0000;0.0000;9.53;2.34
 KOMONDOR SIMULATION 'sim_input_nodes_2overlapWLANs_cb6_loadA_100_loadB_060.csv' (seed 1991);6;6;6400;3840;6396033;3839054;99.94;59.99;0.9980;0.8897;2.40;1.46;0.9998;0.9839;0.0000;0.0000;18.9372;20.4273;0.0000;0.0000;9.90;3.74
 KOMONDOR SIMULATION 'sim_input_nodes_2overlapWLANs_cb6_loadA_100_loadB_080.csv' (seed 1991);6;6;6400;5120;6397930;5117024;99.97;79.95;0.9981;0.9809;2.47;1.82;0.9998;0.9979;0.0000;0.0000;18.5619;18.4029;0.0000;0.0000;10.06;6.08
 KOMONDOR SIMULATION 'sim_input_nodes_2overlapWLANs_cb6_loadA_100_loadB_100.csv' (seed 1991);6;6;6400;6400;6399287;6396243;99.99;99.94;0.9973;0.9971;2.52;2.50;0.9998;0.9998;0.0000;0.0000;18.1733;18.1069;0.0000;0.0000;10.17;10.14
 KOMONDOR SIMULATION 'sim_input_nodes_2overlapWLANs_cb6_loadA_100_loadB_120.csv' (seed 1991);6;6;6400;7680;6399470;7676180;99.99;119.94;0.9980;1.0000;2.56;3.84;0.9998;1.0000;0.0000;0.0000;17.7004;18.4205;0.0000;0.0000;10.25;18.63
 KOMONDOR SIMULATION 'sim_input_nodes_2overlapWLANs_cb6_loadA_100_loadB_140.csv' (seed 1991);6;6;6400;8960;6398679;8956607;99.98;139.55;0.9985;1.0000;2.63;8.56;0.9999;1.0000;0.0000;0.0000;17.1311;19.4721;0.0000;0.2796;10.31;45.50
 KOMONDOR SIMULATION 'sim_input_nodes_2overlapWLANs_cb6_loadA_100_loadB_160.csv' (seed 1991);6;6;6400;10240;6398508;10238354;99.98;144.26;0.9984;1.0000;2.72;12.68;0.9999;1.0000;0.0000;0.0000;17.1114;20.0131;0.0000;9.8244;10.35;63.13
 KOMONDOR SIMULATION 'sim_input_nodes_2overlapWLANs_cb6_loadA_100_loadB_180.csv' (seed 1991);6;6;6400;11520;6398332;11519390;99.97;144.42;0.9989;1.0000;2.69;13.25;0.9999;1.0000;0.0000;0.0000;17.2395;20.1975;0.0004;19.7591;10.36;63.78
 KOMONDOR SIMULATION 'sim_input_nodes_2overlapWLANs_cb6_loadA_100_loadB_200.csv' (seed 1991);6;6;6400;12800;6401972;12794931;100.03;144.49;0.9980;1.0000;2.70;13.64;0.9999;1.0000;0.0000;0.0000;17.2589;20.2251;0.0004;27.7279;10.38;63.92
 KOMONDOR SIMULATION 'sim_input_nodes_2overlapWLANs_cb6_loadA_100_loadB_220.csv' (seed 1991);6;6;6400;14080;6396989;14079925;99.95;144.52;0.9987;1.0000;2.70;13.87;0.9999;1.0000;0.0000;0.0000;17.2760;20.1339;0.0008;34.3067;10.36;63.97
 KOMONDOR SIMULATION 'sim_input_nodes_2overlapWLANs_cb6_loadA_100_loadB_240.csv' (seed 1991);6;6;6400;15360;6398486;15360007;99.97;144.48;0.9979;1.0000;2.65;14.15;0.9999;1.0000;0.0000;0.0000;17.2196;20.1340;0.0019;39.7982;10.36;63.99
 KOMONDOR SIMULATION 'sim_input_nodes_2overlapWLANs_cb6_loadA_100_loadB_260.csv' (seed 1991);6;6;6400;16640;6401758;16637982;100.03;144.50;0.9991;1.0000;2.76;14.22;0.9999;1.0000;0.0000;0.0000;17.3697;20.6255;0.0009;44.4150;10.39;64.00
 KOMONDOR SIMULATION 'sim_input_nodes_2overlapWLANs_cb6_loadA_100_loadB_280.csv' (seed 1991);6;6;6400;17920;6398355;17920986;99.97;144.52;0.9988;1.0000;2.70;14.40;0.9999;1.0000;0.0000;0.0000;17.3541;20.4538;0.0014;48.3881;10.37;64.00
 KOMONDOR SIMULATION 'sim_input_nodes_2overlapWLANs_cb6_loadA_100_loadB_300.csv' (seed 1991);6;6;6400;19200;6402717;19193541;100.04;144.48;0.9985;1.0000;2.71;14.49;0.9999;1.0000;0.0000;0.0000;17.2984;20.4571;0.0006;51.8218;10.39;64.00